31.43;14;0;21.97;22.66;
31.31;14;0;21.97;22.66;
31.27;13;0;21.97;22.66;
31.27;13;0;21.97;22.54;
31.23;14;0;21.97;22.66;
31.11;14;0;21.97;22.54;
31.15;14;0;21.97;22.54;
31.15;13;0;21.97;22.66;
31.15;13;0;21.97;22.54;
31.15;13;0;21.97;22.54;
31.11;13;0;21.85;22.54;
31.11;13;0;21.97;22.54;
31.11;13;0;21.85;22.43;
31.11;14;0;21.85;22.43;
31.11;13;0;21.74;22.54;
31.03;13;0;21.85;22.43;
31.03;13;0;21.85;22.43;
30.99;13;0;21.85;22.43;
30.99;13;0;21.74;22.43;
30.99;13;0;21.74;22.54;
30.99;13;0;21.74;22.43;
30.99;13;0;21.74;22.43;
30.95;13;0;21.85;22.43;
30.95;13;0;21.74;22.43;
30.95;13;0;21.74;22.43;
30.95;13;0;21.85;22.43;
31.51;13;0;21.74;22.43;
30.95;13;0;21.74;22.43;
31.51;13;0;21.74;22.43;
31.51;13;0;21.74;22.31;
31.47;13;0;21.74;22.31;
31.47;13;0;21.74;22.31;
31.51;13;0;21.63;22.31;
31.51;13;0;21.63;22.43;
31.47;13;0;21.74;22.31;
31.47;13;0;21.63;22.31;
31.39;13;0;21.74;22.31;
31.47;13;0;21.63;22.31;
31.39;13;0;21.63;22.31;
31.39;13;0;21.74;22.31;
31.47;13;0;21.74;22.31;
31.39;13;0;21.74;22.31;
31.47;13;0;21.63;22.43;
31.47;13;0;21.63;22.31;
31.39;13;0;21.63;22.31;
31.47;13;0;21.51;22.31;
31.39;13;0;21.74;22.31;
31.39;13;0;21.74;22.31;
31.39;13;0;21.74;22.31;
31.39;13;0;21.63;22.31;
31.35;13;0;21.63;22.31;
31.39;13;0;21.63;22.31;
31.35;13;0;21.63;22.31;
31.35;13;0;21.63;22.31;
31.35;13;0;21.63;22.31;
31.35;13;0;21.74;22.31;
31.35;13;0;21.63;22.31;
31.35;13;0;21.63;22.31;
31.35;13;0;21.63;22.31;
31.35;13;0;21.51;22.31;
31.35;13;0;21.51;22.31;
31.35;13;0;21.51;22.31;
31.35;13;0;21.63;22.31;
31.35;13;0;21.63;22.31;
31.39;13;0;21.63;22.31;
31.35;13;0;21.63;22.31;
31.35;13;0;21.63;22.20;
31.39;13;0;21.63;22.20;
31.39;13;0;21.63;22.20;
31.35;13;0;21.63;22.31;
31.35;13;0;21.74;22.20;
31.31;13;0;21.63;22.20;
31.31;13;0;21.63;22.31;
31.31;13;0;21.63;22.31;
31.31;13;0;21.63;22.20;
31.23;13;0;21.51;22.20;
31.23;13;0;21.51;22.20;
31.31;13;0;21.63;22.20;
31.31;13;0;21.51;22.20;
31.23;13;0;21.51;22.31;
31.19;13;0;21.51;22.31;
31.11;13;0;21.51;22.20;
31.23;13;0;21.63;22.20;
31.19;13;0;21.51;22.20;
31.23;13;0;21.63;22.20;
31.31;13;0;21.63;22.20;
31.19;13;0;21.51;22.20;
31.23;13;0;21.63;22.20;
31.11;13;0;21.51;22.20;
31.11;13;0;21.51;22.20;
31.11;13;0;21.63;22.31;
31.19;13;0;21.63;22.20;
31.11;13;0;21.51;22.20;
31.11;13;0;21.51;22.20;
31.11;13;0;21.63;22.20;
31.11;13;0;21.63;22.31;
31.07;13;0;21.63;22.20;
31.11;13;0;21.63;22.20;
31.11;13;0;21.63;22.20;
31.19;13;0;21.51;22.20;
31.11;13;0;21.51;22.20;
31.07;13;0;21.63;22.20;
31.07;13;0;21.51;22.20;
31.03;13;0;21.51;22.20;
31.07;13;0;21.51;22.20;
31.03;13;0;21.63;22.20;
31.07;13;0;21.51;22.20;
31.03;13;0;21.51;22.20;
31.03;13;0;21.51;22.20;
30.95;13;0;21.51;22.20;
30.95;13;0;21.63;22.08;
30.95;13;0;21.51;22.20;
30.95;13;0;21.51;22.20;
30.95;13;0;21.63;22.20;
30.91;13;0;21.51;22.20;
30.91;13;0;21.51;22.20;
30.95;13;0;21.51;22.20;
30.91;13;0;21.51;22.20;
31.03;13;0;21.51;22.20;
31.03;13;0;21.51;22.20;
30.91;13;0;21.51;22.20;
30.91;13;0;21.51;22.20;
30.95;13;0;21.51;22.20;
30.95;13;0;21.51;22.20;
30.95;13;0;21.51;22.20;
30.95;13;0;21.63;22.20;
30.95;13;0;21.51;22.31;
30.95;13;0;21.51;22.20;
30.95;13;0;21.51;22.20;
30.95;13;0;21.51;22.20;
30.91;13;0;21.51;22.08;
30.95;13;0;21.51;22.20;
30.95;13;0;21.51;22.20;
30.91;13;0;21.51;22.20;
30.91;13;0;21.51;22.20;
30.91;13;0;21.40;22.20;
31.47;13;0;21.51;22.20;
31.47;13;0;21.51;22.20;
31.47;13;0;21.51;22.20;
30.91;13;0;21.51;22.20;
30.91;13;0;21.51;22.20;
30.91;13;0;21.51;22.20;
30.91;13;0;21.51;22.20;
30.91;13;0;21.40;22.20;
31.47;13;0;21.63;22.08;
30.91;13;0;21.63;22.20;
31.47;13;0;21.51;22.20;
30.91;13;0;21.51;22.31;
31.47;13;0;21.51;22.20;
31.47;13;0;21.51;22.20;
31.47;13;0;21.51;22.20;
30.91;13;0;21.51;22.20;
31.47;13;0;21.51;22.20;
31.47;13;0;21.51;22.20;
30.91;13;0;21.51;22.08;
31.47;13;0;21.51;22.08;
31.47;13;0;21.51;22.20;
31.47;13;0;21.51;22.20;
31.47;13;0;21.51;22.08;
31.47;13;0;21.51;22.20;
31.47;13;0;21.51;22.20;
31.47;13;0;21.51;22.20;
31.47;13;0;21.51;22.20;
31.43;13;0;21.51;22.08;
31.47;13;0;21.51;22.20;
31.43;13;0;21.51;22.08;
31.47;13;0;21.51;22.20;
31.43;13;0;21.40;22.08;
31.43;13;0;21.51;22.20;
31.43;13;0;21.40;22.20;
31.47;13;0;21.51;22.08;
31.43;13;0;21.51;22.08;
31.43;13;0;21.40;22.20;
31.43;13;0;21.51;22.20;
31.39;13;0;21.51;22.20;
31.43;13;0;21.51;22.20;
31.43;13;0;21.40;22.20;
31.43;13;0;21.40;22.20;
31.43;13;0;21.51;22.08;
31.39;13;0;21.51;22.20;
31.47;13;0;21.40;22.20;
31.43;13;0;21.51;22.20;
31.47;13;0;21.51;22.08;
31.43;13;0;21.51;22.20;
31.39;13;0;21.51;22.20;
31.39;13;0;21.40;22.08;
31.39;13;0;21.40;22.08;
31.43;13;0;21.51;22.20;
31.39;13;0;21.51;22.20;
31.39;13;0;21.40;22.08;
31.43;13;0;21.40;22.08;
31.47;13;0;21.51;22.08;
30.91;13;0;21.63;22.20;
30.91;13;0;21.51;22.08;
31.47;13;0;21.51;22.20;
31.47;13;0;21.40;22.08;
31.47;13;0;21.40;22.08;
30.91;13;0;21.51;22.08;
31.47;13;0;21.51;22.08;
31.43;13;0;21.51;22.08;
31.43;13;0;21.40;22.20;
31.43;13;0;21.40;22.08;
31.39;13;0;21.40;22.20;
31.43;13;0;21.51;22.08;
31.43;13;0;21.51;22.20;
31.43;13;0;21.51;22.20;
31.39;13;0;21.51;22.20;
31.43;13;0;21.51;22.08;
31.39;13;0;21.51;22.08;
31.39;13;0;21.40;22.08;
31.39;13;0;21.51;22.20;
31.39;13;0;21.40;22.20;
31.39;13;0;21.51;22.20;
31.39;13;0;21.40;22.20;
31.39;13;0;21.51;22.08;
31.39;13;0;21.40;22.20;
31.39;13;0;21.40;22.20;
31.39;13;0;21.51;22.20;
31.43;13;0;21.40;22.08;
31.43;13;0;21.51;22.20;
31.43;13;0;21.51;22.20;
31.39;13;0;21.63;22.08;
31.39;13;0;21.40;22.20;
31.31;13;0;21.40;22.08;
31.31;13;0;21.51;22.08;
31.31;13;0;21.40;22.20;
31.39;13;0;21.51;22.20;
31.31;13;0;21.51;22.20;
31.39;13;0;21.40;22.20;
31.31;13;0;21.51;22.08;
31.39;13;0;21.40;22.08;
31.39;13;0;21.51;22.20;
31.39;13;0;21.51;22.20;
31.31;13;0;21.63;22.08;
31.39;13;0;21.40;22.08;
31.39;13;0;21.51;22.20;
31.31;13;0;21.51;22.20;
31.31;13;0;21.51;22.20;
31.39;13;0;21.40;22.08;
31.31;13;0;21.51;22.20;
31.31;13;0;21.40;22.20;
31.31;13;0;21.51;22.20;
31.31;13;0;21.40;22.08;
31.31;13;0;21.51;22.08;
31.31;13;0;21.51;22.20;
31.39;13;0;21.51;22.20;
31.27;13;0;21.51;22.08;
31.19;13;0;21.40;22.08;
31.27;13;0;21.51;22.08;
31.31;13;0;21.51;22.08;
31.31;13;0;21.40;22.20;
31.31;13;0;21.40;22.20;
31.31;13;0;21.40;22.20;
31.31;13;0;21.40;22.20;
31.27;13;0;21.51;22.08;
31.27;13;0;21.51;22.08;
31.27;13;0;21.40;22.08;
31.27;13;0;21.51;22.20;
31.19;13;0;21.51;22.20;
31.19;13;0;21.40;22.08;
31.19;13;0;21.51;22.20;
31.19;13;0;21.51;22.08;
31.19;13;0;21.40;22.08;
31.27;13;0;21.51;22.20;
31.27;13;0;21.51;22.20;
31.27;13;0;21.40;22.20;
31.27;13;0;21.28;22.08;
31.27;13;0;21.40;22.08;
31.27;13;0;21.40;22.08;
31.27;13;0;21.51;22.08;
31.27;13;0;21.40;22.08;
31.27;13;0;21.40;22.08;
31.27;13;0;21.51;22.20;
31.27;13;0;21.40;22.20;
31.27;13;0;21.40;22.08;
31.27;13;0;21.51;22.08;
31.27;13;0;21.40;22.08;
31.27;13;0;21.40;22.20;
31.31;13;0;21.51;22.08;
31.27;13;0;21.40;22.08;
31.27;13;0;21.51;22.08;
31.27;13;0;21.40;22.20;
31.31;13;0;21.40;22.20;
31.27;13;0;21.51;22.20;
31.27;13;0;21.51;22.08;
31.19;13;0;21.40;22.08;
31.27;13;0;21.51;22.08;
31.27;13;0;21.40;22.08;
31.19;13;0;21.51;22.20;
31.19;13;0;21.40;22.08;
31.19;13;0;21.51;22.08;
31.27;13;0;21.51;22.08;
31.19;13;0;21.40;22.08;
31.19;13;0;21.40;22.08;
31.19;13;0;21.51;22.08;
31.19;13;0;21.40;22.08;
31.27;13;0;21.51;22.08;
31.19;13;0;21.40;22.08;
31.19;13;0;21.40;22.08;
31.19;13;0;21.40;21.97;
31.27;13;0;21.40;21.97;
31.15;13;0;21.51;22.08;
31.19;13;0;21.40;22.08;
31.19;13;0;21.40;22.08;
31.19;13;0;21.40;22.08;
31.15;13;0;21.40;21.97;
31.19;13;0;21.40;21.97;
31.15;13;0;21.40;22.08;
31.11;13;0;21.40;21.97;
31.19;13;0;21.28;22.08;
31.19;13;0;21.40;21.97;
31.15;13;0;21.40;22.08;
31.15;13;0;21.40;22.08;
31.11;13;0;21.51;21.97;
31.15;13;0;21.40;22.08;
31.15;13;0;21.40;21.97;
31.19;13;0;21.40;21.97;
31.15;13;0;21.40;21.97;
31.15;13;0;21.40;22.08;
31.15;13;0;21.40;22.08;
31.15;13;0;21.40;22.08;
31.15;13;0;21.40;22.08;
31.15;13;0;21.40;21.97;
31.15;13;0;21.40;22.08;
31.15;13;0;21.51;21.97;
31.15;13;0;21.40;21.97;
31.15;13;0;21.51;21.97;
31.15;13;0;21.40;22.08;
31.11;13;0;21.40;21.97;
31.15;13;0;21.40;22.08;
31.19;13;0;21.28;22.08;
31.15;13;0;21.40;22.08;
31.15;13;0;21.40;21.97;
31.11;13;0;21.40;21.97;
31.11;13;0;21.28;22.08;
31.15;13;0;21.40;21.97;
31.15;13;0;21.40;21.97;
31.15;13;0;21.51;22.08;
31.15;13;0;21.40;21.97;
31.15;13;0;21.28;22.08;
31.19;13;0;21.40;21.97;
31.19;13;0;21.51;21.97;
31.15;13;0;21.40;22.08;
31.15;13;0;21.40;21.97;
31.19;13;0;21.28;21.97;
31.19;13;0;21.40;21.97;
31.19;13;0;21.40;21.97;
31.27;13;0;21.40;21.97;
31.27;13;0;21.40;21.97;
31.27;13;0;21.51;21.97;
31.19;13;0;21.40;21.97;
31.19;13;0;21.40;21.97;
31.27;13;0;21.40;21.97;
31.27;13;0;21.40;21.97;
31.19;13;0;21.40;21.97;
31.27;13;0;21.40;21.97;
31.27;13;0;21.28;21.97;
31.27;13;0;21.51;21.97;
31.19;13;0;21.28;21.85;
31.15;13;0;21.28;21.97;
31.15;13;0;21.40;22.08;
31.15;13;0;21.28;21.97;
31.15;13;0;21.28;21.97;
31.15;13;0;21.28;21.97;
31.11;13;0;21.40;21.97;
31.15;13;0;21.40;21.97;
31.11;13;0;21.28;21.97;
31.15;13;0;21.40;21.97;
31.11;13;0;21.40;21.97;
31.15;13;0;21.28;21.97;
31.11;13;0;21.40;21.97;
31.11;13;0;21.40;21.97;
31.11;13;0;21.28;21.97;
31.11;13;0;21.40;21.97;
31.11;13;0;21.40;21.97;
31.15;13;0;21.40;21.97;
31.11;13;0;21.40;21.97;
31.03;13;0;21.40;21.97;
31.03;13;0;21.28;22.08;
31.11;13;0;21.40;21.97;
31.03;13;0;21.28;21.97;
31.11;13;0;21.40;21.97;
31.03;13;0;21.40;21.97;
30.99;13;0;21.28;21.97;
31.03;13;0;21.28;21.97;
31.11;13;0;21.40;21.97;
30.99;13;0;21.28;21.97;
31.11;13;0;21.40;21.85;
31.03;13;0;21.40;21.97;
31.11;13;0;21.40;21.97;
31.11;13;0;21.40;21.97;
31.11;13;0;21.28;21.97;
31.15;13;0;21.40;21.97;
31.11;13;0;21.40;21.97;
31.11;13;0;21.28;21.97;
31.11;13;0;21.40;21.97;
31.11;13;0;21.28;21.85;
31.11;13;0;21.28;21.97;
31.03;13;0;21.28;21.97;
31.11;13;0;21.40;21.97;
31.11;13;0;21.40;21.97;
31.03;13;0;21.28;21.97;
31.11;13;0;21.51;21.97;
31.11;13;0;21.40;21.97;
31.15;13;0;21.40;21.97;
31.11;13;0;21.40;21.97;
31.15;13;0;21.28;21.97;
31.11;13;0;21.40;21.97;
31.15;13;0;21.40;21.97;
31.11;13;0;21.40;21.97;
31.11;13;0;21.40;21.97;
31.15;13;0;21.28;21.97;
31.15;13;0;21.40;21.97;
31.11;13;0;21.28;21.97;
31.15;13;0;21.28;21.97;
31.11;13;0;21.40;21.97;
31.15;13;0;21.28;21.85;
31.15;13;0;21.28;21.85;
31.11;13;0;21.40;21.97;
31.15;13;0;21.40;21.97;
31.11;13;0;21.40;21.97;
31.11;13;0;21.17;21.85;
31.11;13;0;21.40;21.97;
31.11;13;0;21.17;21.85;
31.11;13;0;21.28;21.97;
31.11;13;0;21.28;21.97;
31.11;13;0;21.40;21.85;
31.11;13;0;21.28;21.85;
31.15;13;0;21.28;21.85;
31.15;13;0;21.28;21.85;
31.11;13;0;21.40;21.97;
31.15;13;0;21.40;21.97;
31.11;13;0;21.28;21.85;
31.15;13;0;21.40;21.85;
31.15;13;0;21.28;21.85;
31.11;13;0;21.28;21.85;
31.11;13;0;21.28;21.97;
31.11;13;0;21.40;21.85;
31.03;13;0;21.28;21.97;
30.99;13;0;21.28;21.97;
31.11;13;0;21.28;21.97;
31.11;13;0;21.28;21.85;
31.11;13;0;21.28;21.97;
31.11;13;0;21.28;21.97;
31.11;13;0;21.28;21.97;
31.03;13;0;21.40;21.85;
31.11;13;0;21.28;21.85;
31.11;13;0;21.40;21.97;
31.11;13;0;21.28;21.97;
31.11;13;0;21.28;21.97;
31.11;13;0;21.28;21.97;
31.11;13;0;21.28;21.85;
31.03;13;0;21.28;21.85;
30.99;13;0;21.28;21.85;
31.11;13;0;21.28;21.85;
31.03;13;0;21.28;21.97;
31.03;13;0;21.17;21.85;
31.03;13;0;21.28;21.97;
30.99;13;0;21.40;21.97;
31.03;13;0;21.28;21.97;
31.03;13;0;21.28;21.85;
31.03;13;0;21.28;21.97;
31.11;12;0;21.28;21.97;
30.99;13;0;21.28;21.97;
31.03;12;0;21.28;21.97;
31.11;12;0;21.28;21.85;
31.11;13;0;21.28;21.97;
31.11;12;0;21.28;21.97;
31.03;12;0;21.28;21.97;
31.03;13;0;21.40;21.85;
30.91;13;0;21.17;21.97;
30.99;13;0;21.28;21.97;
30.91;13;0;21.28;21.85;
30.99;13;0;21.40;21.97;
30.99;12;0;21.28;21.97;
30.91;13;0;21.28;21.85;
30.99;12;0;21.28;21.85;
30.99;12;0;21.28;21.97;
30.91;13;0;21.28;21.85;
30.99;13;0;21.28;21.85;
30.91;13;0;21.28;21.85;
30.87;13;0;21.28;21.97;
30.91;13;0;21.28;21.85;
30.91;13;0;21.28;21.97;
30.99;12;0;21.17;21.97;
30.87;13;0;21.28;21.97;
30.87;12;0;21.28;21.97;
30.91;12;0;21.28;21.85;
30.87;12;0;21.28;21.85;
30.87;12;0;21.28;21.97;
30.91;12;0;21.28;21.97;
30.91;12;0;21.28;21.97;
30.99;12;0;21.28;21.97;
30.91;12;0;21.28;21.97;
30.99;12;0;21.40;21.97;
30.91;12;0;21.28;21.97;
30.87;12;0;21.28;21.97;
30.87;12;0;21.40;21.97;
30.91;12;0;21.28;21.85;
30.91;12;0;21.40;21.85;
30.91;12;0;21.28;21.85;
30.87;12;0;21.28;21.97;
30.87;12;0;21.28;21.85;
30.91;12;0;21.28;21.85;
30.87;12;0;21.28;21.85;
30.87;12;0;21.28;21.97;
30.99;12;0;21.40;21.85;
30.91;12;0;21.28;21.85;
30.87;12;0;21.28;21.97;
30.87;12;0;21.17;21.85;
30.91;12;0;21.40;21.85;
30.91;12;0;21.17;21.85;
30.91;12;0;21.40;21.97;
30.91;12;0;21.28;21.85;
30.91;12;0;21.28;21.97;
30.91;12;0;21.40;21.97;
31.03;12;0;21.28;21.97;
30.91;12;0;21.28;21.85;
30.99;12;0;21.28;21.97;
31.03;12;0;21.28;21.97;
30.99;12;0;21.28;21.85;
30.99;12;0;21.28;21.97;
30.91;12;0;21.28;21.97;
30.99;12;0;21.28;21.97;
30.99;12;0;21.28;21.85;
30.99;12;0;21.28;21.85;
30.99;12;0;21.17;21.85;
30.99;12;0;21.28;21.97;
30.99;12;0;21.28;21.85;
30.99;12;0;21.28;21.85;
30.99;12;0;21.17;21.85;
30.91;12;0;21.28;21.85;
30.99;12;0;21.28;21.85;
30.87;12;0;21.28;21.85;
30.87;12;0;21.17;21.85;
30.99;12;0;21.17;21.85;
30.99;12;0;21.28;21.85;
30.87;12;0;21.28;21.85;
30.91;12;0;21.28;21.85;
30.99;12;0;21.28;21.85;
30.91;12;0;21.28;21.97;
30.91;12;0;21.28;21.85;
30.91;12;0;21.28;21.97;
30.91;12;0;21.28;21.85;
30.91;12;0;21.28;21.85;
30.99;12;0;21.28;21.85;
30.91;12;0;21.28;21.97;
30.91;12;0;21.17;21.74;
30.91;12;0;21.28;21.97;
30.99;12;0;21.28;21.85;
31.03;12;0;21.28;21.85;
30.99;12;0;21.17;21.85;
30.91;12;0;21.17;21.85;
30.99;12;0;21.28;21.85;
31.03;12;0;21.17;21.85;
30.99;12;0;21.28;21.97;
30.99;12;0;21.28;21.85;
30.99;12;0;21.40;21.85;
30.91;12;0;21.17;21.85;
30.91;12;0;21.28;21.97;
30.91;12;0;21.28;21.97;
30.91;12;0;21.28;21.85;
30.91;12;0;21.28;21.85;
30.91;12;0;21.17;21.85;
30.99;12;0;21.28;21.85;
30.91;12;0;21.17;21.85;
30.91;12;0;21.28;21.85;
30.87;12;0;21.28;21.85;
30.87;12;0;21.28;21.97;
30.91;12;0;21.28;21.97;
30.87;12;0;21.28;21.85;
30.91;12;0;21.28;21.97;
30.99;12;0;21.28;21.85;
30.99;12;0;21.28;21.85;
30.99;12;0;21.40;21.85;
31.03;12;0;21.28;21.85;
30.99;12;0;21.28;21.97;
30.91;12;0;21.17;21.97;
30.99;12;0;21.28;21.85;
30.91;12;0;21.17;21.85;
30.91;12;0;21.28;21.85;
30.91;12;0;21.28;21.85;
30.87;12;0;21.28;21.85;
30.87;12;0;21.28;21.85;
30.99;12;0;21.28;21.85;
30.87;12;0;21.28;21.85;
30.91;12;0;21.28;21.85;
30.87;12;0;21.28;21.85;
30.91;12;0;21.17;21.85;
30.87;12;0;21.28;21.74;
30.91;12;0;21.28;21.85;
30.87;12;0;21.28;21.85;
30.91;12;0;21.40;21.85;
30.87;12;0;21.28;21.85;
30.83;12;0;21.17;21.85;
30.87;12;-1;21.28;21.85;
30.87;12;0;21.28;21.85;
30.87;12;0;21.28;21.85;
30.87;12;0;21.28;21.74;
30.91;12;0;21.17;21.85;
30.87;12;0;21.17;21.97;
30.87;12;0;21.28;21.85;
30.87;12;0;21.28;21.85;
30.87;12;-1;21.28;21.85;
30.91;12;0;21.17;21.85;
30.91;12;0;21.28;21.85;
30.87;12;0;21.28;21.97;
30.91;12;0;21.28;21.85;
30.83;12;-1;21.28;21.85;
30.87;12;-1;21.17;21.97;
30.91;12;0;21.28;21.85;
30.87;12;0;21.28;21.97;
30.87;12;-1;21.28;21.85;
30.87;12;0;21.28;21.97;
30.87;12;-1;21.28;21.85;
30.87;12;0;21.17;21.97;
30.87;12;-1;21.28;21.85;
30.83;12;-1;21.17;21.97;
30.83;12;-1;21.17;21.97;
30.83;12;-1;21.28;21.85;
30.83;12;-1;21.28;21.97;
30.75;12;-1;21.17;21.74;
30.83;12;-1;21.28;21.85;
30.75;12;-1;21.28;21.85;
30.83;12;-1;21.28;21.85;
30.83;12;-1;21.17;21.85;
30.75;12;-1;21.17;21.85;
30.83;12;-1;21.28;21.85;
30.87;12;-1;21.28;21.85;
30.87;12;-1;21.28;21.97;
30.87;12;-1;21.28;21.85;
30.87;12;-1;21.28;21.85;
30.87;12;-1;21.28;21.85;
30.87;12;-1;21.28;21.85;
30.83;12;-1;21.17;21.85;
30.87;12;-1;21.17;21.85;
30.87;12;-1;21.17;21.74;
30.87;12;-1;21.17;21.85;
30.87;12;-1;21.17;21.85;
30.83;12;-1;21.28;21.85;
30.87;12;-1;21.28;21.85;
30.87;12;-1;21.17;21.97;
30.91;12;-1;21.28;21.85;
30.87;12;-1;21.28;21.97;
30.87;12;-1;21.17;21.85;
30.83;12;-1;21.17;21.85;
30.83;12;-1;21.17;21.85;
30.83;12;-1;21.05;21.85;
30.83;12;-1;21.17;21.97;
30.75;12;-1;21.17;21.74;
30.83;12;-1;21.17;21.85;
30.75;12;-1;21.17;21.85;
30.75;12;-1;21.17;21.74;
30.83;12;-1;21.28;21.74;
30.83;12;-1;21.17;21.85;
30.83;12;-1;21.17;21.85;
30.87;12;-1;21.17;21.85;
30.87;12;-1;21.28;21.74;
30.83;12;-1;21.28;21.85;
30.83;12;-1;21.17;21.85;
30.75;12;-1;21.17;21.85;
30.83;12;-1;21.28;21.85;
30.75;12;-1;21.28;21.85;
30.83;12;-1;21.17;21.85;
30.75;12;-1;21.17;21.85;
30.75;12;-1;21.17;21.85;
30.75;12;-1;21.28;21.85;
30.75;12;-1;21.17;21.85;
30.75;12;-1;21.28;21.85;
30.75;12;-1;21.17;21.85;
30.75;12;-1;21.17;21.85;
30.83;12;-1;21.17;21.85;
30.83;12;-1;21.17;21.85;
30.75;12;-1;21.17;21.85;
30.83;12;-1;21.28;21.85;
30.83;12;-1;21.28;21.97;
30.87;12;-1;21.17;21.85;
30.83;12;-1;21.17;21.97;
30.87;12;-1;21.17;21.74;
30.87;12;-1;21.17;21.85;
30.87;12;-1;21.28;21.85;
30.87;12;-1;21.17;21.85;
30.83;12;-1;21.05;21.85;
30.83;12;-1;21.17;21.85;
30.75;12;-1;21.17;21.74;
30.83;12;-1;21.17;21.74;
30.75;12;-1;21.17;21.85;
30.75;12;-1;21.17;21.85;
30.83;12;-1;21.17;21.85;
30.75;12;-1;21.17;21.74;
30.75;12;-1;21.17;21.85;
30.75;12;-1;21.17;21.85;
30.75;12;-1;21.17;21.85;
30.75;12;-1;21.17;21.85;
30.75;12;-1;21.17;21.85;
30.71;12;-1;21.17;21.85;
30.83;12;-1;21.17;21.85;
30.83;12;-1;21.17;21.85;
30.83;12;-1;21.17;21.85;
30.83;12;-1;21.05;21.85;
30.75;12;-1;21.17;21.74;
30.75;12;-1;21.17;21.85;
30.75;12;-1;21.28;21.85;
30.75;12;-1;21.17;21.85;
30.75;12;-1;21.05;21.85;
30.71;12;-1;21.17;21.74;
30.71;12;-1;21.17;21.85;
30.71;12;-1;21.28;21.74;
30.71;12;-1;21.17;21.85;
30.71;12;-1;21.05;21.85;
30.71;12;-1;21.17;21.85;
30.71;12;-1;21.17;21.85;
30.71;12;-1;21.17;21.85;
30.67;12;-1;21.17;21.74;
30.67;12;-1;21.17;21.85;
30.67;12;-1;21.17;21.74;
30.71;12;-1;21.17;21.74;
30.71;12;-1;21.17;21.74;
30.71;12;-1;21.17;21.74;
30.71;12;-1;21.17;21.85;
30.67;12;-1;21.17;21.85;
30.71;12;-1;21.17;21.85;
30.75;12;-1;21.17;21.85;
30.75;12;-1;21.17;21.85;
30.71;12;-1;21.28;21.74;
30.71;12;-1;21.17;21.85;
30.75;12;-1;21.05;21.85;
30.71;12;-1;21.17;21.85;
30.71;12;-1;21.17;21.85;
30.71;12;-1;21.17;21.85;
30.67;12;-1;21.17;21.74;
30.59;12;-1;21.17;21.85;
30.67;12;-1;21.17;21.74;
30.67;12;-1;21.17;21.85;
30.59;12;-1;21.05;21.85;
30.59;12;-1;21.28;21.85;
30.59;12;-1;21.05;21.85;
30.59;12;-1;21.17;21.74;
30.59;12;-1;21.17;21.85;
30.59;12;-1;21.17;21.85;
30.59;12;-1;21.17;21.85;
30.59;12;-1;21.17;21.85;
30.59;12;-1;21.17;21.85;
30.59;12;-1;21.28;21.74;
30.71;12;-1;21.17;21.74;
30.67;12;-1;21.17;21.85;
30.67;12;-1;21.05;21.74;
30.59;12;-1;21.17;21.74;
30.67;12;-1;21.17;21.85;
30.67;12;-1;21.17;21.85;
30.67;12;-1;21.17;21.85;
30.67;12;-1;21.17;21.85;
30.71;12;-1;21.17;21.85;
30.71;12;-1;21.05;21.85;
30.59;12;-1;21.17;21.85;
30.59;12;-1;21.17;21.74;
30.59;12;-1;21.05;21.85;
30.67;12;-1;21.17;21.74;
30.67;12;-1;21.17;21.85;
30.71;12;-1;21.17;21.74;
30.71;12;-1;21.05;21.85;
30.71;12;-1;21.05;21.85;
30.67;12;-1;21.17;21.85;
30.67;12;-1;21.17;21.74;
30.67;12;-1;21.17;21.74;
30.59;12;-1;21.17;21.74;
30.59;12;-1;21.05;21.85;
30.59;12;-1;21.05;21.74;
30.67;12;-1;21.17;21.85;
30.59;12;-1;21.17;21.74;
30.59;12;-1;21.17;21.74;
30.59;12;-1;21.17;21.74;
30.67;12;-1;21.28;21.74;
30.67;12;-1;21.17;21.74;
30.67;12;-1;21.05;21.74;
30.71;12;-1;21.17;21.74;
30.59;12;-1;21.28;21.74;
30.67;12;-1;21.17;21.74;
30.59;12;-1;21.05;21.74;
30.71;12;-1;21.17;21.74;
30.67;12;-1;21.17;21.74;
30.67;12;-1;21.17;21.85;
30.59;12;-1;21.17;21.74;
30.59;12;-1;21.17;21.74;
30.59;12;-1;21.05;21.74;
30.55;12;-1;21.17;21.74;
30.59;12;-1;21.05;21.85;
30.59;12;-1;21.05;21.74;
30.59;12;-1;21.05;21.85;
30.59;12;-1;21.05;21.74;
30.59;12;-1;21.17;21.74;
30.59;12;-1;21.05;21.74;
30.55;12;-1;21.17;21.74;
30.59;12;-1;21.05;21.74;
30.59;12;-1;21.17;21.74;
30.59;12;-1;21.17;21.74;
30.55;12;-1;21.17;21.74;
30.55;12;-1;21.17;21.74;
30.55;12;-1;21.17;21.85;
30.59;12;-1;21.05;21.74;
30.59;12;-1;21.05;21.74;
30.55;12;-1;21.05;21.74;
30.55;12;-1;21.17;21.74;
30.59;12;-1;21.17;21.74;
30.59;12;-1;21.17;21.74;
30.59;12;-1;21.05;21.74;
30.59;12;-1;21.17;21.74;
30.59;12;-1;21.17;21.74;
30.59;12;-1;21.05;21.85;
30.59;12;-1;21.17;21.74;
30.67;12;-1;21.05;21.74;
30.59;12;-1;21.17;21.74;
30.59;12;-1;21.17;21.74;
30.59;12;-1;21.05;21.74;
30.55;12;-1;21.17;21.74;
30.55;12;-1;21.17;21.74;
30.47;12;-1;21.17;21.74;
30.47;12;-1;21.17;21.85;
30.47;12;-1;21.17;21.85;
30.43;12;-1;21.05;21.74;
30.47;12;-1;21.17;21.85;
30.47;12;-1;21.05;21.74;
30.47;12;-1;21.05;21.74;
30.55;12;-1;21.05;21.74;
30.47;12;-1;21.17;21.74;
30.55;12;-1;21.17;21.74;
30.55;12;-1;21.17;21.74;
30.55;12;-1;21.05;21.74;
30.55;12;-1;21.05;21.74;
30.59;12;-1;21.05;21.74;
30.55;12;-1;21.17;21.74;
30.55;12;-1;21.05;21.74;
30.55;12;-1;21.05;21.74;
30.55;12;-1;21.05;21.74;
30.55;12;-1;21.05;21.74;
30.59;12;-1;21.17;21.74;
30.55;12;-1;21.05;21.74;
30.59;12;-1;21.17;21.74;
30.59;12;-1;21.05;21.74;
30.59;12;-1;21.05;21.74;
30.59;12;-1;21.17;21.74;
30.55;12;-1;21.05;21.74;
30.47;12;-1;21.17;21.74;
30.55;12;-1;21.05;21.74;
30.47;12;-1;21.05;21.74;
30.47;12;-1;21.17;21.74;
30.55;12;-1;21.05;21.74;
30.43;12;-1;21.05;21.74;
30.47;12;-1;21.17;21.74;
30.47;12;-1;21.05;21.74;
30.47;12;-1;21.05;21.74;
30.47;12;-1;21.05;21.74;
30.43;12;-1;21.05;21.74;
30.47;12;-1;21.17;21.74;
30.55;12;-1;21.17;21.74;
30.47;12;-1;21.17;21.74;
30.47;12;-1;21.17;21.74;
30.47;12;-1;21.17;21.74;
30.47;12;-1;21.05;21.74;
30.43;12;-1;21.05;21.63;
30.43;12;-1;21.17;21.74;
30.43;12;-1;21.17;21.74;
30.43;12;-1;21.17;21.74;
30.38;12;-1;21.05;21.74;
30.38;12;-1;21.05;21.74;
30.43;12;-1;21.05;21.74;
30.43;12;-1;21.05;21.74;
30.47;12;-1;21.17;21.74;
30.43;12;-1;21.17;21.74;
30.38;12;-1;20.94;21.74;
30.43;12;-1;21.17;21.74;
30.43;12;-1;21.05;21.74;
30.30;12;-1;21.17;21.74;
30.38;12;-1;21.05;21.74;
30.43;12;-1;21.17;21.74;
30.38;12;-1;21.17;21.74;
30.43;12;-1;21.17;21.74;
30.30;12;-1;21.17;21.74;
30.30;12;-1;21.17;21.74;
30.43;12;-1;21.05;21.74;
30.38;12;-1;21.05;21.74;
30.38;12;-1;21.05;21.74;
30.38;12;-1;21.05;21.74;
30.38;12;-1;21.05;21.74;
30.38;12;-1;21.05;21.74;
30.30;12;-1;21.17;21.74;
30.38;12;-1;20.94;21.85;
30.38;12;-1;21.17;21.74;
30.30;12;-1;21.05;21.74;
30.38;12;-1;21.05;21.74;
30.38;12;-1;21.05;21.74;
30.30;12;-1;21.05;21.74;
30.30;12;-1;21.05;21.74;
30.30;12;-1;21.17;21.74;
30.38;12;-1;21.17;21.74;
30.43;12;-1;21.05;21.74;
30.43;12;-1;21.05;21.74;
30.43;12;-1;21.17;21.74;
30.43;12;-1;21.05;21.74;
30.47;12;-1;21.05;21.74;
30.43;12;-1;21.05;21.74;
30.38;12;-1;21.05;21.74;
30.38;12;-1;21.05;21.63;
30.43;12;-1;21.05;21.74;
30.43;12;-1;21.05;21.74;
30.38;12;-1;20.94;21.74;
30.38;12;-1;21.05;21.63;
30.38;12;-1;21.05;21.74;
30.43;12;-1;21.05;21.63;
30.38;12;-1;20.94;21.74;
30.43;12;-1;21.05;21.74;
30.47;12;-1;21.05;21.74;
30.43;12;-1;21.05;21.74;
30.43;12;-1;21.05;21.63;
30.43;12;-1;21.05;21.74;
30.47;12;-1;21.05;21.63;
30.47;12;-1;21.05;21.74;
30.43;12;-1;21.17;21.74;
30.43;12;-1;21.05;21.74;
30.43;12;-1;21.17;21.63;
30.43;12;-1;21.05;21.74;
30.38;12;-1;21.05;21.74;
30.38;12;-1;21.05;21.74;
30.43;12;-1;21.05;21.74;
30.38;12;-1;21.05;21.74;
30.38;12;-1;21.17;21.63;
30.43;12;-1;21.17;21.74;
30.43;12;-1;21.05;21.74;
30.38;12;-1;21.05;21.74;
30.30;12;-1;21.05;21.74;
30.30;12;-1;21.17;21.63;
30.38;12;-1;21.05;21.74;
30.30;12;-1;20.94;21.74;
30.30;12;-1;21.05;21.63;
30.30;12;-1;21.05;21.74;
30.30;12;-1;21.17;21.74;
30.38;12;-1;21.05;21.74;
30.38;12;-1;21.05;21.74;
30.30;12;-1;21.05;21.74;
30.38;12;-1;21.05;21.74;
30.30;12;-1;21.05;21.74;
30.30;12;-1;21.05;21.74;
30.30;12;-1;21.05;21.74;
30.38;12;-1;20.94;21.74;
30.38;12;-1;20.94;21.74;
30.30;12;-1;21.05;21.74;
30.38;12;-1;20.94;21.74;
30.30;12;-1;21.05;21.74;
30.38;12;-1;21.05;21.63;
30.38;12;-1;21.05;21.63;
30.38;12;-1;21.05;21.63;
30.43;12;-1;21.05;21.74;
30.43;12;-2;21.17;21.74;
30.43;12;-1;20.94;21.74;
30.43;12;-1;21.17;21.74;
30.38;12;-1;21.05;21.63;
30.38;12;-1;21.05;21.74;
30.30;12;-1;21.05;21.63;
30.38;12;-1;21.05;21.63;
30.38;12;-1;21.05;21.74;
30.38;12;-1;21.05;21.63;
30.43;12;-1;20.94;21.74;
30.38;12;-2;20.94;21.63;
30.43;12;-1;20.94;21.74;
30.38;12;-1;21.05;21.74;
30.38;12;-2;21.05;21.63;
30.38;12;-1;21.05;21.63;
30.38;12;-1;20.94;21.74;
30.38;12;-1;21.05;21.63;
30.26;12;-1;21.05;21.63;
30.30;12;-2;21.05;21.74;
30.30;12;-2;21.05;21.74;
30.38;12;-1;20.94;21.63;
30.30;12;-1;21.05;21.74;
30.38;12;-2;21.05;21.63;
30.30;12;-1;21.05;21.63;
30.30;12;-2;20.94;21.63;
30.38;12;-1;20.94;21.63;
30.30;12;-1;20.94;21.63;
30.30;12;-2;21.05;21.63;
30.30;12;-2;21.05;21.63;
30.30;12;-2;20.94;21.63;
30.30;12;-1;21.05;21.74;
30.38;12;-1;21.05;21.63;
30.38;12;-1;20.94;21.74;
30.38;12;-2;21.05;21.74;
30.30;12;-2;21.05;21.63;
30.30;12;-2;21.05;21.74;
30.38;12;-1;21.05;21.74;
30.38;12;-1;21.05;21.63;
30.30;12;-2;21.05;21.63;
30.30;12;-2;21.05;21.74;
30.30;12;-2;21.05;21.63;
30.30;12;-2;21.05;21.74;
30.38;12;-1;20.94;21.74;
30.43;12;-2;21.05;21.63;
30.30;12;-2;21.05;21.63;
30.30;12;-2;21.05;21.63;
30.38;12;-1;21.05;21.63;
30.30;12;-2;20.94;21.63;
30.30;12;-2;20.94;21.63;
30.38;12;-2;20.94;21.63;
30.26;12;-2;20.94;21.63;
30.26;12;-2;20.94;21.74;
30.26;12;-2;21.05;21.63;
30.30;12;-2;21.05;21.74;
30.30;12;-2;21.05;21.74;
30.26;12;-2;21.05;21.63;
30.30;12;-2;21.05;21.74;
30.38;12;-2;21.05;21.63;
30.38;12;-2;21.05;21.63;
30.30;12;-2;20.94;21.74;
30.38;12;-2;20.94;21.63;
30.38;12;-2;21.05;21.63;
30.30;12;-2;21.05;21.63;
30.30;12;-2;21.17;21.74;
30.30;12;-2;20.94;21.74;
30.38;12;-2;21.05;21.63;
30.30;12;-2;21.05;21.74;
30.30;12;-2;21.05;21.74;
30.30;12;-2;20.94;21.74;
30.30;12;-2;21.05;21.74;
30.30;12;-2;21.05;21.74;
30.30;12;-2;21.05;21.74;
30.30;12;-2;21.05;21.63;
30.26;12;-2;21.05;21.63;
30.30;12;-2;21.05;21.74;
30.30;12;-2;21.05;21.74;
30.30;12;-2;21.05;21.74;
30.30;12;-2;21.05;21.74;
30.30;12;-2;21.05;21.63;
30.30;12;-2;21.05;21.74;
30.26;12;-2;21.05;21.74;
30.26;12;-2;21.05;21.74;
30.26;12;-2;21.05;21.74;
30.26;12;-2;20.82;21.74;
30.30;12;-2;21.05;21.63;
30.26;12;-2;20.94;21.74;
30.26;12;-2;20.94;21.74;
30.30;12;-2;21.05;21.74;
30.26;12;-2;20.94;21.74;
30.26;12;-2;21.05;21.74;
30.26;12;-2;21.05;21.74;
30.83;12;-1;21.05;21.63;
30.26;12;-2;20.94;21.74;
30.83;12;-1;21.05;21.74;
30.83;12;-1;20.82;21.74;
30.83;12;-1;21.05;21.74;
30.83;12;-1;21.05;21.63;
30.83;12;-1;21.05;21.74;
30.83;12;-1;21.05;21.63;
30.26;12;-2;20.94;21.74;
30.83;12;-1;20.94;21.74;
30.26;12;-2;20.94;21.74;
30.26;12;-2;21.05;21.74;
30.26;12;-2;21.05;21.63;
30.30;11;-2;21.05;21.74;
30.26;12;-2;21.05;21.74;
30.26;12;-2;21.05;21.74;
30.26;12;-2;21.05;21.74;
30.30;12;-2;21.05;21.74;
30.26;12;-2;21.05;21.74;
30.26;12;-2;20.94;21.74;
30.26;12;-2;21.05;21.74;
30.26;12;-2;21.05;21.74;
30.83;12;-1;21.05;21.74;
30.83;12;-1;21.05;21.74;
30.83;12;-1;20.94;21.74;
30.26;12;-2;21.05;21.74;
30.30;11;-2;21.05;21.74;
30.26;12;-2;21.05;21.74;
30.30;12;-2;20.94;21.74;
30.30;12;-2;21.05;21.74;
30.30;12;-2;21.05;21.74;
30.26;12;-2;21.05;21.74;
30.26;12;-2;21.05;21.74;
30.26;12;-2;21.05;21.74;
30.26;12;-2;21.05;21.74;
30.30;11;-2;21.05;21.85;
30.83;12;-1;21.05;21.74;
30.83;12;-1;21.05;21.74;
30.83;12;-1;20.94;21.63;
30.26;12;-2;21.05;21.74;
30.26;12;-2;21.05;21.74;
30.26;12;-2;21.05;21.74;
30.26;12;-2;21.05;21.74;
30.30;12;-2;21.05;21.63;
30.26;12;-2;21.05;21.74;
30.26;12;-2;21.05;21.74;
30.26;12;-2;21.05;21.74;
30.26;12;-2;21.05;21.74;
30.83;12;-1;21.05;21.74;
30.26;12;-2;21.05;21.74;
30.26;12;-2;20.94;21.74;
30.26;12;-2;21.05;21.74;
30.26;12;-2;21.05;21.74;
30.26;12;-2;20.94;21.74;
30.83;12;-1;21.05;21.74;
30.26;12;-2;20.94;21.74;
30.30;12;-2;20.94;21.74;
30.83;12;-1;20.94;21.74;
30.83;12;-1;21.05;21.63;
30.83;12;-1;21.05;21.74;
30.83;12;-1;21.17;21.74;
30.83;12;-1;20.94;21.74;
30.83;12;-1;21.05;21.74;
30.83;12;-1;21.05;21.74;
30.79;12;-1;20.94;21.74;
30.83;12;-1;21.05;21.74;
30.83;12;-1;21.05;21.74;
30.79;12;-1;21.05;21.74;
30.83;12;-1;20.94;21.74;
30.83;12;-1;21.05;21.74;
30.83;12;-1;21.05;21.74;
30.26;12;-2;21.05;21.74;
30.26;12;-2;21.05;21.74;
30.26;12;-2;21.05;21.74;
30.26;12;-2;21.05;21.74;
30.26;12;-2;21.05;21.74;
30.26;12;-2;21.05;21.74;
30.30;12;-2;21.05;21.74;
30.26;12;-2;21.05;21.74;
30.26;12;-2;21.05;21.74;
30.26;12;-2;20.94;21.74;
30.26;12;-2;21.05;21.74;
30.30;12;-2;21.05;21.74;
30.30;12;-2;21.05;21.74;
30.83;12;-1;21.05;21.74;
30.83;12;-1;21.05;21.74;
30.83;12;-1;21.05;21.74;
30.83;12;-1;20.94;21.74;
30.26;12;-2;21.05;21.74;
30.26;12;-2;21.05;21.74;
30.26;12;-2;20.94;21.74;
30.83;12;-1;21.05;21.74;
30.83;12;-1;21.05;21.85;
30.83;12;-1;21.05;21.74;
30.26;12;-2;21.05;21.85;
30.26;12;-2;21.05;21.74;
30.30;11;-2;21.05;21.74;
30.26;12;-2;21.05;21.74;
30.26;12;-2;20.94;21.74;
30.26;12;-2;21.05;21.74;
30.26;12;-2;20.94;21.74;
30.83;12;-1;21.05;21.74;
30.83;12;-1;21.05;21.85;
30.26;12;-2;20.94;21.74;
30.83;12;-1;21.05;21.74;
30.83;12;-1;21.05;21.74;
30.26;12;-2;21.05;21.85;
30.83;12;-1;21.05;21.74;
30.26;12;-2;21.17;21.74;
30.83;12;-1;21.05;21.74;
30.26;12;-2;20.94;21.74;
30.26;12;-2;21.05;21.74;
30.26;12;-2;21.05;21.74;
30.26;12;-2;20.94;21.74;
30.26;12;-2;21.05;21.74;
30.30;12;-2;20.94;21.63;
30.26;12;-2;21.17;21.74;
30.26;12;-2;21.05;21.74;
30.26;12;-2;21.05;21.74;
30.83;12;-1;20.94;21.74;
30.83;12;-1;21.05;21.74;
30.26;12;-2;21.05;21.74;
30.26;12;-2;21.05;21.74;
30.26;12;-2;21.05;21.85;
30.83;12;-1;21.05;21.74;
30.83;12;-1;21.05;21.74;
30.83;12;-1;21.05;21.74;
30.26;12;-2;21.05;21.74;
30.26;12;-2;20.94;21.74;
30.26;12;-2;21.05;21.74;
30.30;12;-2;21.05;21.74;
30.26;12;-2;20.94;21.74;
30.26;11;-2;21.17;21.85;
30.26;12;-2;21.17;21.74;
30.26;12;-2;21.17;21.74;
30.26;12;-2;21.05;21.85;
30.26;12;-2;21.05;21.85;
30.26;12;-2;21.17;21.74;
30.30;12;-2;21.05;21.74;
30.30;12;-2;21.17;21.74;
30.26;12;-2;21.17;21.85;
30.26;12;-2;21.05;21.74;
30.26;12;-2;20.94;21.85;
30.26;12;-2;21.05;21.74;
30.30;12;-2;20.94;21.85;
30.30;12;-2;21.05;21.74;
30.26;12;-2;21.05;21.74;
30.30;12;-2;21.05;21.85;
30.30;12;-2;21.05;21.74;
30.38;12;-2;21.05;21.74;
30.38;12;-2;21.05;21.63;
30.38;12;-2;21.05;21.74;
30.38;12;-2;21.05;21.74;
30.43;12;-1;21.05;21.74;
30.30;12;-2;21.05;21.85;
30.38;12;-1;21.05;21.74;
30.30;12;-1;21.05;21.85;
30.26;12;-2;21.05;21.74;
30.30;12;-2;21.05;21.85;
30.30;12;-2;21.05;21.74;
30.30;12;-2;21.17;21.74;
30.30;12;-2;21.05;21.74;
30.30;12;-2;21.05;21.85;
30.30;12;-2;21.05;21.85;
30.30;12;-2;21.05;21.74;
30.30;12;-2;21.05;21.74;
30.26;12;-2;21.05;21.85;
30.26;12;-2;21.05;21.74;
30.26;12;-2;21.05;21.85;
30.26;12;-2;21.05;21.74;
30.83;12;-1;21.05;21.74;
30.83;12;-1;21.05;21.85;
30.83;12;-1;20.94;21.74;
30.83;12;-1;21.17;21.85;
30.83;12;-1;21.17;21.85;
30.83;12;-1;21.05;21.85;
30.26;12;-2;21.17;21.85;
30.26;12;-2;21.05;21.85;
30.26;12;-2;21.05;21.74;
30.26;12;-2;21.05;21.74;
30.30;12;-2;20.94;21.74;
30.30;12;-2;21.17;21.74;
30.38;12;-2;20.94;21.85;
30.38;12;-2;21.05;21.85;
30.38;12;-2;21.05;21.85;
30.38;12;-2;21.05;21.85;
30.30;12;-2;20.94;21.74;
30.30;12;-2;21.05;21.74;
30.38;12;-2;21.05;21.74;
30.30;12;-2;21.17;21.74;
30.30;12;-2;21.17;21.74;
30.26;11;-2;21.05;21.74;
30.30;11;-2;21.17;21.74;
30.30;12;-2;21.17;21.74;
30.30;12;-2;21.05;21.74;
30.30;12;-2;21.17;21.85;
30.30;12;-2;21.05;21.74;
30.30;12;-2;21.05;21.85;
30.30;12;-2;21.17;21.74;
30.30;12;-2;21.05;21.74;
30.38;12;-2;21.05;21.85;
30.38;12;-2;21.17;21.85;
30.38;12;-2;21.05;21.85;
30.38;12;-2;21.05;21.85;
30.38;12;-2;21.17;21.74;
30.30;12;-2;21.05;21.74;
30.30;12;-2;21.05;21.85;
30.30;12;-2;21.05;21.74;
30.30;12;-2;21.05;21.74;
30.30;12;-2;21.17;21.74;
30.30;12;-2;21.17;21.85;
30.38;12;-2;21.17;21.85;
30.30;12;-2;21.05;21.85;
30.38;12;-2;21.05;21.74;
30.38;12;-2;21.05;21.85;
30.30;12;-2;21.17;21.74;
30.43;12;-2;21.05;21.74;
30.38;12;-2;21.17;21.85;
30.38;12;-2;21.17;21.74;
30.38;12;-2;21.17;21.85;
30.38;12;-2;21.05;21.85;
30.43;12;-2;21.17;21.85;
30.43;12;-2;21.05;21.85;
30.38;12;-2;21.05;21.74;
30.43;12;-2;21.05;21.85;
30.38;12;-2;21.17;21.74;
30.43;12;-2;21.28;21.74;
30.43;12;-2;21.05;21.85;
30.38;12;-2;21.05;21.85;
30.43;12;-2;21.17;21.85;
30.43;11;-2;21.05;21.85;
30.43;12;-2;21.17;21.85;
30.47;12;-2;21.17;21.85;
30.43;12;-2;21.17;21.74;
30.38;12;-2;21.17;21.85;
30.43;12;-2;21.17;21.85;
30.47;11;-2;21.17;21.85;
30.43;12;-2;21.05;21.85;
30.38;12;-2;21.17;21.85;
30.38;12;-2;21.17;21.85;
30.38;12;-2;21.17;21.85;
30.38;11;-2;21.17;21.85;
30.38;12;-2;21.28;21.85;
30.47;12;-2;21.17;21.85;
30.43;12;-2;21.05;21.85;
30.38;12;-2;21.17;21.85;
30.43;11;-2;21.17;21.85;
30.43;12;-2;21.05;21.85;
30.38;12;-2;21.17;21.85;
30.38;12;-2;21.17;21.85;
30.38;12;-2;21.17;21.85;
30.38;12;-2;21.05;21.85;
30.38;12;-2;21.05;21.85;
30.38;12;-2;21.17;21.74;
30.38;12;-2;21.05;21.85;
30.38;12;-2;21.17;21.85;
30.38;12;-2;21.17;21.85;
30.43;12;-2;21.05;21.85;
30.43;12;-2;21.05;21.74;
30.38;12;-2;21.17;21.74;
30.38;12;-2;21.17;21.74;
30.38;12;-2;21.17;21.74;
30.43;11;-2;21.05;21.85;
30.38;12;-2;21.05;21.85;
30.38;12;-2;21.17;21.74;
30.38;12;-2;21.05;21.85;
30.38;12;-2;21.05;21.85;
30.43;11;-2;21.05;21.85;
30.43;11;-2;21.17;21.85;
30.43;12;-2;21.05;21.85;
30.47;11;-2;21.17;21.85;
30.43;12;-2;21.05;21.85;
30.43;11;-2;21.17;21.74;
30.43;11;-2;21.17;21.85;
30.43;11;-2;21.05;21.85;
30.43;12;-2;21.17;21.74;
30.47;11;-2;21.17;21.85;
30.55;11;-2;21.17;21.85;
30.47;12;-2;21.05;21.85;
30.47;11;-2;21.17;21.85;
30.43;11;-2;21.17;21.85;
30.47;11;-2;21.05;21.85;
30.43;11;-2;21.17;21.85;
30.43;11;-2;21.05;21.85;
30.55;12;-1;21.17;21.85;
30.59;12;-1;21.17;21.97;
30.67;12;-1;21.17;21.97;
30.67;12;-1;21.17;21.97;
30.75;12;-1;21.28;22.08;
30.71;12;-1;21.40;22.08;
30.83;12;-1;21.28;22.20;
30.87;12;-1;21.28;22.08;
30.99;12;-1;21.28;22.20;
30.99;12;-1;21.28;22.20;
31.11;12;-1;21.28;22.20;
31.15;12;-1;21.40;22.20;
31.15;12;-1;21.40;22.20;
31.15;12;-1;21.28;22.20;
31.15;12;-1;21.28;22.20;
31.15;12;-1;21.51;22.20;
31.19;12;-1;21.51;22.31;
31.27;12;-1;21.28;22.31;
31.27;12;-1;21.40;22.31;
31.39;12;-1;21.40;22.31;
31.39;12;-1;21.51;22.31;
31.43;12;-1;21.51;22.43;
31.47;12;-1;21.51;22.43;
31.47;12;-1;21.40;22.43;
30.91;11;-1;21.51;22.43;
30.95;12;-1;21.51;22.43;
30.95;12;-1;21.63;22.43;
30.95;12;-1;21.51;22.43;
30.95;12;-1;21.51;22.43;
31.03;12;-1;21.63;22.43;
30.95;12;-1;21.63;22.43;
31.03;12;-1;21.63;22.54;
31.07;12;-1;21.51;22.43;
31.07;12;-1;21.63;22.54;
31.11;11;-1;21.74;22.54;
31.19;12;-1;21.63;22.54;
31.19;12;-1;21.74;22.54;
31.23;12;-1;21.63;22.54;
31.23;12;-1;21.63;22.54;
31.35;12;-1;21.74;22.54;
31.35;12;-1;21.63;22.54;
31.39;12;-1;21.74;22.66;
31.39;12;-1;21.63;22.66;
31.47;12;-1;21.63;22.66;
31.47;12;-1;21.74;22.66;
30.95;12;-1;21.85;22.66;
30.95;12;-1;21.74;22.66;
31.51;12;-1;21.74;22.66;
31.51;12;-1;21.74;22.66;
30.95;11;-1;21.85;22.66;
30.95;12;-1;21.74;22.66;
31.51;11;-1;21.85;22.66;
30.95;11;-1;21.74;22.77;
30.99;12;-1;21.74;22.77;
30.99;11;-1;21.85;22.66;
31.03;11;-1;21.74;22.77;
31.03;12;-1;21.85;22.66;
31.03;12;-1;21.74;22.66;
30.99;12;-1;21.85;22.77;
31.03;12;-1;21.85;22.66;
31.03;12;-1;21.74;22.77;
31.03;12;-1;21.85;22.77;
31.03;12;-1;21.74;22.77;
31.03;12;-1;21.85;22.77;
31.03;12;-1;21.85;22.66;
30.99;12;-1;21.85;22.77;
30.99;12;-1;21.85;22.77;
31.03;12;-1;21.97;22.77;
30.99;12;-1;21.97;22.77;
30.99;12;-1;21.85;22.77;
31.11;12;-1;21.85;22.77;
31.11;12;-1;21.85;22.77;
31.03;12;-1;21.97;22.77;
31.11;12;-1;21.85;22.77;
31.11;11;-1;21.85;22.77;
31.15;11;-1;21.85;22.77;
31.15;11;-1;21.85;22.77;
31.23;11;-1;21.85;22.77;
31.23;12;-1;21.85;22.77;
31.23;11;-1;21.97;22.77;
31.23;12;-1;21.85;22.77;
31.23;12;-1;21.85;22.77;
31.23;11;-1;21.74;22.77;
31.23;11;-1;21.85;22.77;
31.15;12;-1;21.85;22.77;
31.27;11;-1;21.97;22.77;
31.27;11;-1;21.97;22.77;
31.27;11;-1;21.97;22.77;
31.23;12;-1;21.85;22.77;
31.23;11;-1;21.97;22.89;
31.15;12;-1;21.85;22.77;
31.23;11;-1;21.85;22.77;
31.23;12;-1;21.97;22.89;
31.31;11;-1;21.97;22.77;
31.27;11;-1;21.85;22.89;
31.23;12;-1;21.85;22.66;
31.31;12;-1;21.97;22.89;
31.27;12;-1;21.85;22.77;
31.27;12;-1;21.85;22.77;
31.31;12;-1;21.85;22.89;
31.39;12;-1;22.08;22.89;
31.31;11;-1;21.97;22.77;
31.39;11;-1;21.97;22.89;
31.39;11;-1;21.85;22.89;
31.43;11;-1;21.97;22.89;
31.43;11;-1;21.97;22.89;
31.43;11;-1;22.08;22.89;
31.43;11;-1;21.97;22.89;
31.51;11;-1;21.97;22.89;
31.51;11;-1;22.08;22.89;
30.91;11;-1;22.08;22.89;
31.51;12;-1;22.08;22.89;
31.51;11;-1;21.97;22.89;
31.51;12;-1;22.08;22.89;
30.91;12;-1;22.08;22.89;
30.95;11;-1;21.97;22.89;
30.95;11;-1;22.08;22.89;
30.91;11;-1;22.08;22.89;
30.95;11;-1;21.97;22.89;
30.95;12;-1;22.08;22.89;
30.91;11;-1;22.08;22.89;
30.91;11;-1;22.08;22.89;
30.95;11;-1;22.08;22.89;
30.95;11;-1;22.08;22.89;
30.95;12;-1;21.97;22.89;
30.91;11;-1;21.97;23.00;
30.95;12;-1;21.85;23.00;
30.91;11;-1;21.97;22.89;
30.91;11;-1;22.08;22.89;
30.91;12;-1;21.97;22.89;
30.91;12;-1;21.97;22.89;
30.91;11;-1;22.20;22.89;
30.95;12;-1;22.08;22.89;
30.95;11;-1;22.08;22.89;
30.95;11;-1;21.97;22.89;
31.03;11;-1;22.08;23.00;
30.95;11;-1;22.08;22.89;
30.95;11;-1;22.08;22.89;
30.95;11;-1;22.08;22.89;
30.95;11;-1;22.08;22.89;
31.03;11;-1;22.08;22.89;
31.03;11;-1;22.08;22.89;
31.03;11;-1;22.20;22.89;
31.07;11;-1;22.08;22.89;
31.07;11;-2;22.08;23.00;
31.07;11;-1;21.97;23.00;
31.07;11;-1;21.97;22.89;
31.07;11;-1;22.08;23.00;
31.15;11;-1;21.97;22.89;
31.15;11;-1;21.97;23.00;
31.15;11;-1;22.08;22.89;
31.15;11;-1;22.20;22.89;
31.19;11;-1;21.97;23.00;
31.19;11;-1;22.08;23.00;
31.19;11;-1;22.08;22.89;
31.15;11;-1;21.97;23.00;
31.19;11;-1;22.08;22.89;
31.19;12;-1;22.08;23.00;
31.15;11;-1;21.97;23.00;
31.15;11;-1;21.97;22.89;
31.15;11;-1;22.08;23.00;
31.07;11;-1;21.97;22.89;
31.07;11;-1;22.08;23.00;
31.07;11;-1;21.97;22.89;
31.15;12;-1;22.08;22.89;
31.07;11;-1;22.08;23.00;
31.07;12;-1;22.20;22.89;
31.15;12;-1;21.97;23.00;
31.03;11;-1;22.08;22.89;
30.95;12;-1;22.08;22.89;
31.03;11;-1;22.08;23.00;
31.03;11;-1;21.97;22.89;
31.03;11;-1;22.08;23.00;
31.07;11;-1;22.08;22.89;
31.03;11;-1;21.97;22.89;
31.07;11;-1;22.08;23.00;
31.15;11;-1;21.97;23.00;
31.07;11;-1;22.20;23.00;
31.15;11;-1;21.97;22.89;
31.07;11;-1;22.08;23.00;
31.19;11;-1;22.08;22.89;
31.19;11;-1;22.08;22.89;
31.19;12;-1;21.97;23.00;
31.23;11;-1;22.08;23.00;
31.23;11;-1;22.08;23.00;
31.31;11;-1;21.97;23.00;
31.23;11;-1;21.97;23.00;
31.19;11;-1;22.08;22.89;
31.19;11;-1;22.08;22.89;
31.15;11;-1;22.08;22.89;
31.19;11;-1;22.08;23.00;
31.19;11;-1;21.97;23.00;
31.19;11;-1;22.20;23.00;
31.19;11;-1;22.08;23.00;
31.23;11;-1;22.08;23.00;
31.23;11;-1;22.20;22.89;
31.23;11;-1;22.20;23.00;
31.23;11;-1;22.08;23.00;
31.35;11;-1;22.08;23.00;
31.31;11;-1;22.08;23.00;
31.35;11;-1;22.20;23.00;
31.31;11;-1;22.08;23.00;
31.35;11;-1;22.20;23.00;
31.35;11;-1;22.08;23.00;
31.35;11;-1;22.08;23.00;
31.35;11;-1;22.20;23.00;
31.35;11;-1;22.20;23.00;
31.35;11;-1;22.20;23.00;
31.35;11;-1;22.08;23.11;
31.35;12;-1;22.08;23.00;
31.31;11;-1;22.08;23.00;
31.31;11;-1;22.20;23.11;
31.35;11;-1;22.08;23.00;
31.35;12;-1;22.08;22.89;
31.35;11;-1;22.08;23.00;
31.35;11;-1;22.08;23.00;
31.35;11;-1;22.20;23.00;
31.43;11;-1;22.20;23.00;
31.43;11;-1;22.08;23.00;
31.35;11;-1;22.08;23.00;
31.35;11;-1;22.08;23.00;
31.35;11;-1;22.20;23.00;
31.31;11;-1;22.20;22.89;
31.35;11;-1;22.20;23.00;
31.35;11;-1;22.20;23.00;
31.35;11;-1;22.20;23.00;
31.43;11;-1;22.20;23.00;
31.43;12;-1;22.20;23.00;
31.31;11;-1;22.20;23.00;
31.35;11;-1;22.08;23.11;
31.35;11;-1;22.20;23.00;
31.35;11;-1;22.20;23.00;
31.35;11;-1;21.97;23.11;
31.35;11;-1;22.20;23.00;
31.43;11;-1;22.20;23.00;
31.43;11;-1;22.20;23.00;
31.47;11;-1;22.20;23.11;
31.43;11;-1;22.20;23.00;
31.35;11;-1;22.08;23.11;
31.23;11;-1;22.08;23.11;
31.23;11;-1;22.31;23.11;
31.19;12;-1;22.08;23.11;
31.15;11;-1;22.08;23.11;
31.15;11;-1;22.08;23.00;
31.03;11;-1;22.08;23.11;
31.03;11;-1;22.08;23.00;
31.03;11;-1;22.20;23.11;
31.03;11;-1;22.08;23.11;
31.03;11;-1;22.08;23.00;
31.03;11;-1;22.08;23.11;
31.03;11;-1;22.08;23.11;
31.03;11;-1;22.20;23.11;
31.15;11;-1;22.20;23.11;
31.07;11;-1;22.08;23.11;
31.03;11;-1;22.20;23.00;
31.07;11;-1;22.20;23.11;
31.07;11;-1;22.20;23.00;
31.07;11;-1;22.20;23.11;
31.03;11;-1;22.20;23.11;
31.03;11;-1;22.20;23.11;
31.03;11;-1;22.20;23.11;
31.03;11;-1;22.08;23.11;
30.95;11;-1;22.20;23.11;
31.03;11;-1;22.20;23.11;
31.03;11;-1;22.20;23.11;
31.03;11;-1;22.20;23.11;
31.03;11;-1;22.20;23.11;
31.03;11;-1;22.20;23.11;
31.03;11;-1;22.20;23.00;
31.03;11;-1;22.20;23.11;
31.07;11;-1;22.20;23.11;
31.03;11;-1;22.20;23.00;
31.07;11;-1;22.08;23.11;
31.03;11;-1;22.20;23.11;
31.03;11;-2;22.20;23.00;
31.03;11;-1;22.20;23.00;
31.03;11;-1;22.20;23.11;
31.07;11;-1;22.20;23.00;
31.03;11;-1;22.20;23.11;
31.03;11;-1;22.08;23.11;
31.07;11;-1;22.20;23.11;
31.03;11;-2;22.20;23.00;
31.03;11;-1;22.20;23.00;
31.07;11;-1;22.20;23.11;
31.07;11;-1;22.20;23.11;
31.07;11;-1;22.08;23.11;
31.03;11;-1;22.08;23.11;
31.07;11;-1;22.20;23.11;
31.07;11;-1;22.20;23.00;
31.07;11;-1;22.20;23.11;
31.15;11;-1;22.08;23.11;
31.07;11;-1;22.08;23.11;
31.07;11;-1;22.20;23.11;
31.15;11;-1;22.20;23.11;
31.07;11;-1;22.08;23.11;
31.07;11;-1;22.08;23.11;
31.03;11;-1;22.08;23.11;
31.07;11;-1;22.08;23.00;
31.03;11;-2;22.20;23.11;
30.95;11;-1;22.20;23.00;
31.03;11;-1;22.08;23.11;
31.03;11;-2;22.20;23.00;
31.07;11;-1;22.08;23.11;
31.03;11;-2;22.08;23.11;
31.07;11;-1;22.20;23.00;
31.19;11;-1;22.20;22.89;
31.19;11;-1;22.08;22.89;
31.19;11;-1;22.20;22.89;
31.19;11;-1;22.08;22.89;
31.15;11;-1;22.08;22.89;
31.15;11;-1;22.08;22.77;
31.07;11;-1;22.20;22.77;
31.03;11;-1;22.08;22.77;
30.95;11;-1;21.97;22.77;
30.95;11;-1;21.97;22.66;
30.91;11;-1;21.97;22.77;
30.91;11;-1;21.85;22.66;
31.51;11;-1;21.97;22.66;
31.51;11;-1;21.97;22.66;
31.51;11;-1;21.97;22.66;
31.43;11;-1;21.97;22.66;
31.43;11;-1;21.97;22.66;
31.39;11;-1;21.85;22.54;
31.31;11;-1;21.85;22.66;
31.31;11;-1;21.85;22.66;
31.27;11;-1;21.85;22.54;
31.27;11;-1;21.97;22.54;
31.23;11;-1;21.74;22.54;
31.15;11;-1;21.85;22.54;
31.15;11;-1;21.85;22.54;
31.11;11;-1;21.74;22.54;
31.11;11;-1;21.85;22.43;
31.03;11;-1;21.74;22.43;
31.03;11;-1;21.74;22.54;
30.99;11;-1;21.85;22.54;
30.99;11;-1;21.85;22.43;
30.99;11;-1;21.85;22.43;
30.99;11;-1;21.85;22.54;
30.95;11;-1;21.74;22.43;
30.95;11;-1;21.74;22.31;
31.51;11;-1;21.74;22.43;
31.47;11;-1;21.74;22.43;
31.47;11;-1;21.74;22.43;
31.47;11;-1;21.63;22.31;
31.47;11;-1;21.74;22.31;
31.39;11;-1;21.74;22.31;
31.39;11;-1;21.74;22.31;
31.35;11;-1;21.74;22.31;
31.39;11;-1;21.63;22.43;
31.35;11;-1;21.63;22.31;
31.35;11;-1;21.74;22.31;
31.35;11;-1;21.63;22.31;
31.31;11;-1;21.63;22.31;
31.31;11;-1;21.63;22.31;
31.31;11;-1;21.63;22.31;
31.31;11;-1;21.63;22.31;
31.31;11;-1;21.51;22.31;
31.23;11;-1;21.63;22.31;
31.23;11;-1;21.63;22.31;
31.23;11;-1;21.63;22.31;
31.23;11;-1;21.63;22.31;
31.19;11;-1;21.51;22.31;
31.19;11;-1;21.51;22.31;
31.23;11;-1;21.51;22.31;
31.19;11;-1;21.51;22.20;
31.19;11;-1;21.63;22.31;
31.19;11;-1;21.63;22.31;
31.11;11;-1;21.63;22.31;
31.11;11;-1;21.51;22.20;
31.11;11;-1;21.51;22.31;
31.11;11;-1;21.63;22.20;
31.03;11;-1;21.63;22.31;
31.07;11;-1;21.51;22.31;
31.07;11;-1;21.51;22.31;
31.03;11;-1;21.51;22.31;
31.03;11;-1;21.51;22.20;
31.07;11;-1;21.51;22.31;
31.03;11;-1;21.40;22.20;
31.03;11;-1;21.63;22.20;
31.03;11;-1;21.51;22.20;
31.03;11;-1;21.40;22.20;
30.95;11;-1;21.51;22.20;
30.95;11;-1;21.51;22.20;
30.91;11;-1;21.51;22.20;
30.91;11;-1;21.51;22.20;
30.95;11;-1;21.51;22.20;
30.91;11;-1;21.51;22.20;
31.47;11;-1;21.40;22.08;
31.47;11;-1;21.40;22.08;
31.47;11;-1;21.51;22.20;
30.91;11;-1;21.40;22.20;
30.91;11;-1;21.40;22.08;
31.47;11;-1;21.51;22.20;
30.91;11;-1;21.40;22.20;
31.47;11;-1;21.51;22.08;
31.47;11;-1;21.40;22.20;
31.47;11;-1;21.40;22.08;
31.47;11;-1;21.40;22.08;
31.47;11;-1;21.51;22.08;
31.47;11;-1;21.40;22.08;
31.47;11;-1;21.40;22.08;
31.47;11;-1;21.51;22.20;
31.43;11;-1;21.40;22.20;
31.43;11;-1;21.40;22.08;
31.47;11;-1;21.40;22.08;
31.43;11;-1;21.40;22.08;
31.43;11;-1;21.28;22.08;
31.43;11;-1;21.40;22.08;
31.47;11;-1;21.40;22.08;
31.39;11;-1;21.40;22.08;
31.43;11;-1;21.40;22.08;
31.39;11;-1;21.40;22.08;
31.39;11;-1;21.40;22.08;
31.31;11;-1;21.28;22.08;
31.39;11;-1;21.40;22.08;
31.31;11;-1;21.40;22.08;
31.31;11;-1;21.40;22.08;
31.31;11;-1;21.40;22.08;
31.31;11;-1;21.40;22.08;
31.31;11;-1;21.40;22.08;
31.39;11;-1;21.40;22.08;
31.39;11;-1;21.40;22.08;
31.31;11;-1;21.40;22.08;
31.39;11;-1;21.40;22.08;
31.31;11;-1;21.40;22.08;
31.31;11;-1;21.40;21.97;
31.31;11;-1;21.17;22.08;
31.27;11;-1;21.28;22.08;
31.31;11;-1;21.28;22.08;
31.31;11;-1;21.40;22.08;
31.27;11;-1;21.28;22.08;
31.31;11;-1;21.40;21.97;
31.19;11;-1;21.28;21.97;
31.19;11;-1;21.40;21.97;
31.19;11;-1;21.28;22.08;
31.27;11;-1;21.28;22.08;
31.19;11;-1;21.28;22.08;
31.19;11;-1;21.40;21.97;
31.19;11;-1;21.17;21.97;
31.19;11;-1;21.28;21.97;
31.15;11;-1;21.28;21.97;
31.19;11;-1;21.28;21.97;
31.19;11;-1;21.28;21.97;
31.27;11;-1;21.28;21.97;
31.19;11;-1;21.40;21.97;
31.27;11;-1;21.28;21.97;
31.27;11;-1;21.28;21.97;
31.27;11;-1;21.28;21.97;
31.19;11;-1;21.28;21.97;
31.15;11;-1;21.28;21.97;
31.19;11;-1;21.40;21.97;
31.15;11;-1;21.28;21.85;
31.15;11;-1;21.28;21.85;
31.15;11;-1;21.28;21.97;
31.15;11;-1;21.40;21.97;
31.19;11;-1;21.28;21.97;
31.15;11;-1;21.28;21.97;
31.15;11;-1;21.28;21.97;
31.15;11;-1;21.28;21.85;
31.19;11;-1;21.28;21.85;
31.19;11;-1;21.17;21.97;
31.19;11;-1;21.28;21.85;
31.19;11;-1;21.28;21.97;
31.19;11;-1;21.28;21.85;
31.11;11;-1;21.17;21.97;
31.19;11;-1;21.28;21.97;
31.19;11;-1;21.28;21.85;
31.15;11;-1;21.28;21.97;
31.15;11;-1;21.28;21.97;
31.15;11;-1;21.28;21.97;
31.15;11;-2;21.17;21.85;
31.11;11;-2;21.28;21.85;
31.11;11;-2;21.28;21.85;
31.11;11;-2;21.28;21.85;
31.11;11;-2;21.28;21.85;
31.11;11;-1;21.28;21.85;
31.11;11;-2;21.17;21.85;
31.03;11;-2;21.28;21.85;
31.11;11;-2;21.17;21.85;
31.11;11;-2;21.17;21.85;
31.11;11;-2;21.17;21.85;
31.11;11;-2;21.28;21.85;
31.11;11;-2;21.17;21.85;
31.15;11;-2;21.28;21.85;
31.11;11;-2;21.28;21.97;
31.11;11;-2;21.17;21.85;
31.11;11;-2;21.17;21.97;
31.15;11;-1;21.17;21.97;
31.11;11;-2;21.28;21.97;
31.15;11;-2;21.17;21.85;
31.15;11;-2;21.17;21.85;
31.15;11;-2;21.17;21.85;
31.15;11;-2;21.17;21.85;
31.15;11;-2;21.17;21.85;
31.19;11;-2;21.17;21.85;
31.11;11;-2;21.28;21.85;
31.11;11;-2;21.28;21.85;
31.15;11;-2;21.28;21.85;
31.11;11;-2;21.17;21.97;
31.11;11;-2;21.17;21.85;
31.11;11;-2;21.17;21.85;
31.11;11;-2;21.17;21.85;
31.03;11;-2;21.17;21.85;
31.03;11;-2;21.17;21.85;
31.11;11;-2;21.17;21.85;
31.03;11;-2;21.17;21.85;
31.11;11;-2;21.17;21.85;
30.99;11;-2;21.17;21.97;
30.99;11;-2;21.17;21.85;
30.99;11;-2;21.17;21.85;
31.11;11;-2;21.28;21.85;
31.03;11;-2;21.28;21.85;
30.99;11;-2;21.17;21.85;
30.99;11;-2;21.28;21.85;
30.99;11;-2;21.05;21.85;
31.03;11;-2;21.17;21.85;
30.99;11;-2;21.17;21.85;
30.99;11;-2;21.28;21.85;
30.91;11;-2;21.17;21.85;
30.91;11;-2;21.17;21.85;
30.91;11;-2;21.17;21.85;
30.87;11;-2;21.17;21.85;
30.87;11;-2;21.28;21.85;
30.91;11;-2;21.17;21.85;
30.91;11;-2;21.17;21.85;
30.99;11;-2;21.17;21.85;
30.91;11;-2;21.17;21.85;
30.99;11;-2;21.17;21.85;
30.91;11;-2;21.17;21.74;
30.91;11;-2;21.28;21.85;
30.91;11;-2;21.28;21.85;
30.87;11;-2;21.05;21.74;
30.87;11;-2;21.17;21.85;
30.87;11;-2;21.17;21.85;
30.91;11;-2;21.17;21.85;
30.91;11;-2;21.28;21.85;
30.91;11;-2;21.28;21.85;
30.87;11;-2;21.17;21.85;
30.91;11;-2;21.17;21.85;
30.99;11;-2;21.17;21.85;
30.99;11;-2;21.17;21.74;
30.91;11;-2;21.28;21.74;
30.99;11;-2;21.17;21.85;
30.99;11;-2;21.17;21.85;
30.91;11;-2;21.28;21.85;
30.99;11;-2;21.17;21.85;
30.91;11;-2;21.17;21.74;
30.99;11;-2;21.17;21.85;
30.91;11;-2;21.17;21.74;
30.91;11;-2;21.28;21.74;
30.87;11;-2;21.17;21.85;
30.91;11;-2;21.28;21.85;
30.91;11;-2;21.05;21.85;
30.87;11;-2;21.28;21.85;
30.87;11;-2;21.17;21.85;
30.87;11;-2;21.17;21.85;
30.75;11;-2;21.17;21.85;
30.87;11;-2;21.17;21.85;
30.87;11;-2;21.17;21.85;
30.83;11;-2;21.17;21.85;
30.87;11;-2;21.17;21.85;
30.83;11;-2;21.17;21.85;
30.83;11;-2;21.17;21.85;
30.83;11;-2;21.17;21.85;
30.83;11;-2;21.17;21.85;
30.83;11;-2;21.05;21.85;
30.83;11;-2;21.17;21.85;
30.83;11;-2;21.17;21.74;
30.83;11;-2;21.17;21.85;
30.87;11;-2;21.05;21.85;
30.87;11;-2;21.17;21.85;
30.87;11;-2;21.17;21.74;
30.87;11;-2;21.17;21.85;
30.91;11;-2;21.28;21.85;
30.87;11;-2;21.17;21.74;
30.91;11;-2;21.17;21.85;
30.87;11;-2;21.17;21.85;
30.91;11;-2;21.17;21.85;
30.87;11;-2;21.17;21.85;
30.87;11;-2;21.05;21.85;
30.87;11;-2;21.17;21.74;
30.91;11;-2;21.17;21.85;
30.91;11;-2;21.28;21.74;
30.91;11;-2;21.17;21.74;
30.91;11;-2;21.05;21.74;
30.91;11;-2;21.17;21.74;
30.87;11;-2;21.17;21.74;
30.87;11;-2;21.17;21.85;
30.87;11;-2;21.05;21.85;
30.87;11;-2;21.05;21.85;
30.83;11;-2;21.17;21.85;
30.75;11;-2;21.17;21.74;
30.83;11;-2;21.05;21.85;
30.75;11;-2;21.05;21.85;
30.83;11;-2;21.17;21.74;
30.75;11;-2;21.05;21.74;
30.75;11;-2;21.17;21.74;
30.75;11;-2;21.05;21.85;
30.83;11;-2;21.17;21.74;
30.75;11;-2;21.05;21.74;
30.75;11;-2;21.17;21.74;
30.83;11;-2;21.05;21.74;
30.75;11;-2;21.05;21.74;
30.71;11;-2;21.05;21.74;
30.71;11;-2;21.17;21.74;
30.71;11;-2;21.17;21.85;
30.75;11;-2;21.05;21.74;
30.71;11;-2;21.17;21.74;
30.71;11;-2;21.17;21.74;
30.67;11;-2;21.05;21.74;
30.67;11;-2;21.05;21.74;
30.67;11;-2;21.28;21.74;
30.71;11;-2;21.05;21.74;
30.71;11;-2;21.05;21.74;
30.67;11;-2;21.05;21.74;
30.71;11;-2;21.05;21.74;
30.67;11;-2;21.05;21.74;
30.71;11;-2;21.05;21.74;
30.71;11;-2;21.17;21.74;
30.71;11;-2;21.05;21.74;
30.71;11;-2;21.17;21.74;
30.71;11;-2;21.05;21.85;
30.67;11;-2;21.05;21.74;
30.71;11;-2;21.17;21.74;
30.75;11;-2;21.05;21.74;
30.83;11;-2;21.05;21.85;
30.75;11;-2;21.17;21.74;
30.75;11;-2;21.17;21.74;
30.75;11;-2;21.05;21.74;
30.75;11;-2;21.17;21.74;
30.71;11;-2;21.17;21.74;
30.67;11;-2;21.17;21.74;
30.67;11;-2;21.05;21.74;
30.67;11;-2;21.17;21.74;
30.67;11;-2;21.17;21.74;
30.71;11;-2;21.05;21.74;
30.71;11;-2;21.05;21.74;
30.59;11;-2;21.05;21.74;
30.67;11;-2;21.05;21.74;
30.71;11;-2;21.05;21.74;
30.67;11;-2;21.05;21.74;
30.67;11;-2;21.17;21.74;
30.71;11;-2;21.05;21.74;
30.71;11;-2;21.05;21.74;
30.71;11;-2;21.05;21.74;
30.71;11;-2;21.17;21.74;
30.67;11;-2;21.05;21.74;
30.71;11;-2;21.17;21.63;
30.67;11;-2;21.05;21.74;
30.59;11;-2;21.05;21.74;
30.59;11;-2;21.17;21.74;
30.67;11;-2;20.94;21.74;
30.71;11;-2;21.05;21.74;
30.67;11;-2;21.05;21.74;
30.67;11;-2;21.05;21.74;
30.71;11;-2;20.94;21.74;
30.67;11;-2;21.05;21.74;
30.59;11;-2;21.05;21.63;
30.59;11;-2;21.05;21.74;
30.59;11;-2;21.17;21.74;
30.59;11;-2;21.05;21.74;
30.59;11;-2;21.05;21.74;
30.59;11;-2;21.05;21.63;
30.59;11;-2;21.05;21.74;
30.59;11;-2;21.05;21.74;
30.59;11;-2;21.17;21.74;
30.59;11;-2;21.05;21.74;
30.59;11;-2;20.94;21.74;
30.59;11;-3;21.05;21.74;
30.59;11;-2;20.94;21.74;
30.59;11;-2;21.05;21.74;
30.59;11;-2;20.94;21.63;
30.59;11;-2;21.17;21.74;
30.59;11;-2;21.05;21.74;
30.59;11;-3;21.05;21.74;
30.59;11;-2;21.05;21.74;
30.59;11;-3;21.05;21.74;
30.59;11;-3;21.05;21.74;
30.59;11;-3;21.17;21.74;
30.59;11;-2;21.05;21.74;
30.59;11;-2;20.94;21.74;
30.59;11;-3;21.17;21.63;
30.59;11;-3;20.94;21.74;
30.55;11;-3;21.05;21.74;
30.59;11;-3;21.05;21.74;
30.55;11;-3;21.05;21.74;
30.55;11;-3;21.17;21.63;
30.55;11;-3;21.05;21.74;
30.47;11;-3;20.94;21.74;
30.55;11;-3;21.05;21.74;
30.55;11;-3;21.17;21.74;
30.47;11;-3;21.17;21.74;
30.47;11;-3;21.05;21.74;
30.47;11;-3;21.05;21.74;
30.47;11;-3;21.05;21.74;
30.47;11;-3;21.05;21.63;
30.47;11;-3;21.05;21.63;
30.47;11;-3;21.05;21.74;
30.47;11;-3;20.94;21.74;
30.55;11;-3;21.05;21.74;
30.47;11;-3;21.05;21.74;
30.55;11;-3;21.05;21.74;
30.55;11;-3;21.05;21.74;
30.47;11;-3;21.05;21.63;
30.59;11;-3;21.17;21.63;
30.47;11;-3;20.94;21.63;
30.47;11;-3;21.05;21.74;
30.55;11;-3;21.05;21.74;
30.47;11;-3;21.05;21.63;
30.55;11;-3;21.05;21.63;
30.47;11;-3;21.05;21.63;
30.47;11;-3;21.05;21.63;
30.47;11;-3;20.94;21.63;
30.55;10;-3;21.05;21.63;
30.47;11;-3;20.94;21.74;
30.47;11;-3;20.94;21.63;
30.47;11;-3;21.05;21.74;
30.43;11;-3;20.94;21.63;
30.47;10;-3;21.05;21.63;
30.47;11;-3;21.05;21.74;
30.47;10;-3;20.94;21.74;
30.43;11;-3;21.05;21.74;
30.43;11;-3;21.05;21.63;
30.43;11;-3;21.05;21.63;
30.38;11;-3;20.94;21.74;
30.47;10;-3;21.05;21.63;
30.43;10;-3;21.05;21.63;
30.43;11;-3;21.05;21.63;
30.43;11;-3;21.05;21.63;
30.43;11;-3;21.05;21.63;
30.43;10;-3;20.94;21.63;
30.47;10;-3;21.05;21.63;
30.43;10;-3;20.94;21.63;
30.43;10;-3;20.94;21.63;
30.43;10;-3;21.05;21.74;
30.43;11;-3;21.05;21.63;
30.38;11;-3;21.05;21.63;
30.38;11;-3;20.94;21.63;
30.38;11;-3;21.05;21.63;
30.43;11;-3;20.82;21.74;
30.43;10;-3;21.05;21.63;
30.38;10;-3;21.05;21.74;
30.38;11;-3;20.94;21.63;
30.38;10;-3;20.94;21.63;
30.38;11;-3;20.94;21.63;
30.43;10;-3;21.05;21.63;
30.38;10;-3;20.94;21.63;
30.43;10;-3;21.05;21.63;
30.43;10;-3;20.94;21.63;
30.38;11;-3;20.94;21.63;
30.38;11;-3;20.94;21.63;
30.38;10;-3;21.05;21.63;
30.38;10;-3;20.94;21.63;
30.38;10;-3;20.94;21.63;
30.38;10;-3;20.94;21.63;
30.38;10;-3;21.05;21.63;
30.30;10;-3;21.05;21.63;
30.38;10;-3;21.05;21.63;
30.43;10;-3;21.05;21.63;
30.30;11;-3;21.05;21.63;
30.38;11;-3;21.17;21.74;
30.43;10;-3;21.05;21.63;
30.43;10;-3;21.05;21.63;
30.43;10;-3;20.94;21.63;
30.38;10;-3;20.94;21.63;
30.43;10;-3;20.94;21.63;
30.43;10;-3;20.94;21.63;
30.43;10;-3;20.94;21.63;
30.38;10;-3;20.94;21.63;
30.43;10;-3;20.94;21.63;
30.30;10;-3;20.94;21.63;
30.30;10;-3;20.94;21.63;
30.38;10;-3;20.94;21.63;
30.38;10;-3;20.94;21.63;
30.30;10;-3;20.94;21.63;
30.30;10;-3;20.94;21.63;
30.43;10;-3;21.05;21.63;
30.38;10;-3;21.05;21.63;
30.30;10;-3;20.94;21.63;
30.30;10;-3;20.94;21.63;
30.30;10;-3;20.94;21.63;
30.30;10;-3;20.94;21.63;
30.30;10;-3;20.94;21.63;
30.30;10;-3;21.05;21.63;
30.26;10;-3;20.94;21.51;
30.30;10;-3;21.05;21.63;
30.26;10;-3;21.05;21.63;
30.30;10;-3;20.94;21.63;
30.30;10;-3;20.94;21.63;
30.26;10;-3;20.94;21.63;
30.30;10;-3;20.94;21.51;
30.26;10;-3;20.94;21.63;
30.30;10;-3;20.94;21.63;
30.30;10;-3;20.94;21.63;
30.30;10;-3;20.94;21.63;
30.30;10;-3;20.94;21.63;
30.30;10;-3;20.94;21.63;
30.38;10;-3;20.94;21.63;
30.30;10;-3;20.94;21.63;
30.30;10;-3;20.94;21.63;
30.38;10;-3;20.94;21.63;
30.30;10;-3;20.94;21.51;
30.30;10;-3;20.94;21.63;
30.30;10;-3;20.94;21.63;
30.30;10;-3;20.94;21.63;
30.26;10;-3;20.94;21.63;
30.30;10;-3;20.82;21.63;
30.26;10;-3;20.94;21.63;
30.30;10;-3;20.94;21.63;
30.26;10;-3;20.94;21.63;
30.26;10;-3;20.94;21.63;
30.26;10;-3;20.94;21.63;
30.30;10;-3;20.94;21.51;
30.30;10;-3;20.94;21.63;
30.38;10;-3;20.82;21.63;
30.26;10;-3;20.94;21.63;
30.26;10;-3;21.05;21.63;
30.26;10;-3;21.05;21.51;
30.26;10;-3;21.05;21.63;
30.83;10;-3;20.94;21.63;
30.26;10;-3;20.94;21.63;
30.26;10;-3;20.94;21.63;
30.26;10;-3;20.94;21.63;
30.30;10;-3;20.94;21.51;
30.30;10;-3;20.94;21.63;
30.30;10;-3;20.94;21.51;
30.30;10;-3;20.94;21.51;
30.30;10;-3;20.94;21.63;
30.26;10;-3;20.94;21.63;
30.26;10;-3;20.94;21.63;
30.26;10;-3;20.94;21.63;
30.26;10;-3;20.94;21.63;
30.26;10;-3;20.94;21.63;
30.26;10;-3;20.82;21.63;
30.26;10;-3;20.94;21.63;
30.26;10;-3;20.94;21.63;
30.30;10;-3;20.94;21.63;
30.83;10;-3;20.94;21.63;
30.83;10;-3;20.94;21.63;
30.83;10;-3;20.94;21.63;
30.26;10;-3;20.82;21.63;
30.26;10;-3;20.94;21.51;
30.83;10;-3;20.94;21.63;
30.83;10;-3;20.94;21.51;
30.26;10;-3;20.82;21.63;
30.26;10;-3;20.94;21.63;
30.26;10;-3;20.94;21.63;
30.26;10;-3;20.94;21.63;
30.26;10;-3;20.82;21.63;
30.83;10;-3;20.94;21.63;
30.26;10;-3;21.05;21.51;
30.83;10;-3;20.94;21.63;
30.83;10;-3;20.94;21.63;
30.83;10;-3;20.94;21.63;
30.83;10;-3;20.94;21.51;
30.83;10;-3;20.94;21.63;
30.83;10;-3;20.94;21.51;
30.83;10;-3;20.82;21.63;
30.79;10;-3;20.94;21.63;
30.83;10;-3;20.94;21.51;
30.83;10;-3;20.94;21.51;
30.83;10;-3;20.94;21.51;
30.83;10;-3;20.82;21.51;
30.26;10;-3;20.94;21.63;
30.83;10;-3;20.94;21.51;
30.83;10;-3;20.94;21.63;
30.83;10;-3;20.94;21.63;
30.83;10;-3;20.94;21.51;
30.83;10;-3;20.94;21.63;
30.83;10;-3;20.94;21.51;
30.83;10;-3;20.82;21.51;
30.83;10;-3;20.82;21.51;
30.83;10;-3;20.82;21.51;
30.83;10;-3;20.94;21.51;
30.83;10;-3;20.94;21.51;
30.79;10;-3;20.82;21.51;
30.83;10;-3;20.94;21.63;
30.83;10;-3;20.94;21.51;
30.83;10;-3;20.94;21.63;
30.83;10;-3;20.94;21.51;
30.79;10;-3;20.82;21.51;
30.79;10;-3;20.94;21.51;
30.79;10;-3;20.82;21.51;
30.75;10;-3;20.94;21.63;
30.26;10;-3;20.94;21.63;
30.83;10;-3;21.05;21.51;
30.83;10;-3;20.94;21.40;
30.83;10;-3;20.94;21.51;
30.83;10;-3;20.82;21.63;
30.83;10;-3;20.82;21.63;
30.79;10;-3;20.82;21.51;
30.79;10;-3;20.94;21.51;
30.75;10;-3;20.82;21.63;
30.79;10;-3;20.94;21.51;
30.79;10;-3;20.94;21.51;
30.83;10;-3;20.94;21.51;
30.79;10;-3;20.94;21.51;
30.75;10;-3;20.94;21.51;
30.67;10;-3;20.94;21.51;
30.75;10;-3;20.82;21.51;
30.75;10;-3;20.94;21.51;
30.79;10;-3;20.94;21.51;
30.67;10;-3;20.94;21.63;
30.79;10;-3;20.94;21.51;
30.79;10;-3;20.82;21.63;
30.75;10;-3;20.82;21.63;
30.75;10;-3;20.82;21.63;
30.79;10;-3;20.82;21.51;
30.75;10;-3;20.94;21.63;
30.75;10;-3;20.82;21.51;
30.75;10;-3;20.82;21.63;
30.67;10;-3;20.94;21.51;
30.75;10;-3;20.82;21.51;
30.75;10;-3;20.94;21.51;
30.67;10;-3;20.94;21.51;
30.67;10;-3;20.82;21.51;
30.67;10;-3;20.94;21.51;
30.67;10;-3;20.82;21.51;
30.67;10;-3;20.82;21.51;
30.67;10;-3;20.71;21.51;
30.67;10;-3;20.82;21.51;
30.75;10;-3;20.82;21.63;
30.63;10;-3;20.94;21.63;
30.67;10;-3;20.94;21.63;
30.67;10;-3;20.94;21.63;
30.75;10;-3;20.94;21.51;
30.67;10;-3;20.94;21.51;
30.75;10;-3;20.94;21.63;
30.67;10;-3;20.94;21.51;
30.67;10;-3;20.94;21.51;
30.67;10;-3;20.94;21.51;
30.67;10;-3;20.94;21.51;
30.67;10;-3;20.82;21.51;
30.63;10;-3;20.94;21.51;
30.67;10;-3;20.94;21.51;
30.67;10;-3;20.82;21.63;
30.67;10;-3;20.82;21.51;
30.75;10;-3;20.94;21.51;
30.75;10;-3;20.94;21.51;
30.79;10;-3;20.94;21.51;
30.75;10;-3;20.82;21.51;
30.67;10;-3;20.82;21.63;
30.75;10;-3;20.82;21.51;
30.75;10;-3;20.82;21.51;
30.67;10;-3;20.82;21.51;
30.75;10;-3;20.94;21.51;
30.67;10;-3;20.82;21.51;
30.67;10;-3;20.82;21.51;
30.67;10;-3;20.94;21.51;
30.75;10;-3;20.71;21.63;
30.67;10;-3;20.82;21.51;
30.67;10;-3;20.94;21.51;
30.63;10;-3;20.82;21.51;
30.67;10;-3;20.94;21.51;
30.75;10;-3;20.82;21.51;
30.67;10;-3;20.82;21.63;
30.75;10;-3;20.82;21.51;
30.67;10;-3;20.94;21.63;
30.67;10;-3;20.94;21.63;
30.67;10;-3;20.94;21.51;
30.75;10;-3;20.82;21.51;
30.67;10;-3;20.94;21.51;
30.67;10;-3;20.94;21.51;
30.67;10;-3;20.94;21.51;
30.67;10;-3;20.82;21.63;
30.67;10;-3;20.82;21.51;
30.67;10;-3;20.82;21.51;
30.67;10;-3;20.82;21.63;
30.67;10;-3;20.82;21.51;
30.63;10;-3;20.94;21.51;
30.63;10;-3;20.82;21.51;
30.67;10;-3;20.94;21.51;
30.67;10;-3;20.94;21.51;
30.67;10;-3;20.82;21.51;
30.67;10;-3;20.82;21.63;
30.67;10;-3;20.94;21.51;
30.67;10;-3;20.94;21.51;
30.67;10;-3;20.82;21.51;
30.67;10;-3;20.94;21.51;
30.63;10;-3;20.94;21.51;
30.63;10;-3;20.82;21.51;
30.67;10;-3;20.94;21.51;
30.63;10;-3;20.82;21.51;
30.63;10;-3;20.82;21.51;
30.63;10;-3;20.82;21.51;
30.67;10;-3;20.82;21.51;
30.63;10;-3;20.94;21.51;
30.55;10;-3;20.94;21.51;
30.63;10;-3;20.82;21.51;
30.55;10;-3;20.82;21.51;
30.55;10;-3;20.82;21.51;
30.51;10;-3;20.94;21.51;
30.55;10;-3;20.82;21.51;
30.55;10;-3;20.94;21.51;
30.55;10;-3;20.82;21.51;
30.55;10;-3;20.94;21.51;
30.55;10;-3;20.82;21.51;
30.55;10;-3;20.82;21.51;
30.63;10;-3;20.82;21.51;
30.55;10;-3;20.82;21.51;
30.63;10;-3;20.82;21.51;
30.63;10;-3;20.82;21.51;
30.67;10;-3;20.94;21.51;
30.63;10;-3;20.71;21.51;
30.55;10;-3;20.94;21.51;
30.55;10;-3;20.82;21.63;
30.55;10;-3;20.82;21.51;
30.63;10;-3;20.82;21.51;
30.63;10;-3;20.82;21.51;
30.55;10;-3;20.82;21.51;
30.55;10;-3;20.94;21.51;
30.63;10;-3;20.71;21.51;
30.67;10;-3;20.82;21.51;
30.63;10;-3;20.82;21.51;
30.63;10;-3;20.94;21.51;
30.63;10;-3;20.82;21.51;
30.55;10;-3;20.82;21.51;
30.55;10;-3;20.94;21.51;
30.55;10;-3;20.82;21.51;
30.55;10;-3;20.82;21.51;
30.63;10;-3;20.82;21.63;
30.55;10;-3;20.94;21.63;
30.63;10;-3;20.82;21.51;
30.51;10;-3;20.94;21.51;
30.55;10;-3;20.94;21.51;
30.55;10;-3;20.82;21.51;
30.51;10;-3;20.82;21.63;
30.55;10;-3;20.94;21.51;
30.55;10;-3;20.82;21.51;
30.55;10;-3;20.82;21.51;
30.55;10;-3;20.82;21.51;
30.55;10;-3;20.82;21.51;
30.55;10;-3;20.94;21.51;
30.63;10;-3;20.82;21.40;
30.55;10;-3;20.94;21.51;
30.55;10;-3;20.82;21.51;
30.63;10;-3;20.82;21.51;
30.55;10;-3;20.82;21.40;
30.55;10;-3;20.71;21.51;
30.55;10;-3;20.82;21.40;
30.55;10;-3;20.94;21.51;
30.55;10;-3;20.82;21.51;
30.55;10;-3;20.82;21.51;
30.55;10;-3;20.82;21.51;
30.51;10;-3;20.82;21.51;
30.63;10;-3;20.82;21.51;
30.55;10;-3;20.82;21.40;
30.63;10;-3;20.82;21.51;
30.63;10;-3;20.82;21.51;
30.63;10;-3;20.82;21.51;
30.63;10;-3;20.82;21.51;
30.55;10;-3;20.82;21.51;
30.55;10;-3;20.94;21.51;
30.63;10;-3;20.82;21.51;
30.63;10;-3;20.82;21.51;
30.55;10;-3;20.82;21.51;
30.55;10;-3;20.71;21.51;
30.51;10;-3;20.82;21.51;
30.63;10;-3;20.82;21.51;
30.63;10;-3;20.82;21.51;
30.63;10;-3;20.94;21.51;
30.63;10;-3;20.94;21.51;
30.51;10;-3;20.82;21.51;
30.51;10;-3;20.94;21.51;
30.51;10;-3;20.82;21.51;
30.51;10;-3;20.82;21.51;
30.55;10;-3;20.94;21.51;
30.55;10;-3;20.82;21.51;
30.55;10;-3;20.82;21.40;
30.51;10;-3;20.82;21.40;
30.55;10;-3;20.71;21.51;
30.51;10;-3;20.82;21.51;
30.51;10;-3;20.82;21.51;
30.51;10;-3;20.82;21.51;
30.51;10;-3;20.82;21.51;
30.51;10;-3;20.82;21.51;
30.51;10;-3;20.82;21.51;
30.51;10;-3;20.82;21.63;
30.51;10;-3;20.82;21.40;
30.47;10;-3;20.82;21.51;
30.51;10;-3;20.94;21.51;
30.47;10;-3;20.82;21.51;
30.55;10;-3;20.82;21.51;
30.55;10;-3;20.94;21.51;
30.51;10;-3;20.82;21.51;
30.51;10;-3;20.82;21.40;
30.55;10;-3;20.82;21.51;
30.55;10;-3;20.82;21.51;
30.55;10;-3;20.82;21.51;
30.63;10;-3;20.94;21.51;
30.55;10;-3;20.82;21.51;
30.63;10;-3;20.94;21.51;
30.63;10;-3;20.82;21.51;
30.63;10;-3;20.82;21.51;
30.63;10;-4;20.82;21.51;
30.55;10;-3;20.71;21.51;
30.55;10;-3;20.82;21.51;
30.55;10;-3;20.82;21.51;
30.51;10;-3;20.82;21.40;
30.51;10;-4;20.94;21.40;
30.51;10;-4;20.94;21.51;
30.51;10;-3;20.82;21.51;
30.47;10;-3;20.82;21.40;
30.38;10;-4;20.94;21.51;
30.47;10;-3;20.82;21.51;
30.47;10;-3;20.82;21.51;
30.47;10;-3;20.82;21.51;
30.47;10;-4;20.82;21.51;
30.47;10;-3;20.82;21.51;
30.47;10;-4;20.71;21.51;
30.47;10;-3;20.82;21.51;
30.47;10;-4;20.82;21.51;
30.47;10;-4;20.82;21.51;
30.51;10;-3;20.82;21.40;
30.51;10;-4;20.82;21.51;
30.51;10;-3;20.82;21.51;
30.47;10;-4;20.82;21.51;
30.51;10;-3;20.82;21.51;
30.47;10;-3;20.82;21.51;
30.51;10;-4;20.82;21.51;
30.47;10;-3;20.82;21.51;
30.38;10;-4;20.82;21.51;
30.38;10;-4;20.82;21.51;
30.38;10;-4;20.82;21.51;
30.47;10;-4;20.82;21.51;
30.38;10;-4;20.71;21.51;
30.38;10;-4;20.94;21.51;
30.38;10;-4;20.94;21.40;
30.47;10;-4;20.82;21.51;
30.38;10;-4;20.82;21.51;
30.38;10;-4;20.71;21.51;
30.38;10;-4;20.82;21.40;
30.47;10;-4;20.94;21.51;
30.47;10;-3;20.82;21.51;
30.47;10;-4;20.82;21.51;
30.47;10;-4;20.82;21.51;
30.47;10;-4;20.82;21.51;
30.38;10;-4;20.82;21.51;
30.38;10;-4;20.71;21.40;
30.47;10;-4;20.82;21.40;
30.47;10;-3;20.82;21.51;
30.38;10;-4;20.71;21.51;
30.34;10;-4;20.82;21.40;
30.47;10;-4;20.82;21.51;
30.47;10;-4;20.71;21.51;
30.38;10;-4;20.71;21.40;
30.38;10;-4;20.71;21.51;
30.38;10;-4;20.82;21.51;
30.38;10;-4;20.82;21.51;
30.38;10;-4;20.71;21.51;
30.47;10;-4;20.71;21.51;
30.38;10;-4;20.82;21.51;
30.47;10;-4;20.82;21.51;
30.47;10;-3;20.82;21.51;
30.38;10;-4;20.71;21.51;
30.34;10;-4;20.82;21.51;
30.34;10;-4;20.82;21.51;
30.34;10;-4;20.82;21.51;
30.34;10;-4;20.82;21.51;
30.38;10;-4;20.71;21.51;
30.34;10;-4;20.82;21.40;
30.38;10;-4;20.71;21.51;
30.38;10;-4;20.82;21.51;
30.34;10;-4;20.82;21.40;
30.38;10;-4;20.82;21.51;
30.38;10;-4;20.71;21.51;
30.47;10;-4;20.82;21.51;
30.38;10;-4;20.82;21.51;
30.47;10;-4;20.82;21.51;
30.38;10;-4;20.71;21.51;
30.34;10;-4;20.82;21.51;
30.34;10;-4;20.82;21.51;
30.34;10;-4;20.82;21.51;
30.38;10;-4;20.71;21.51;
30.38;10;-4;20.82;21.51;
30.34;10;-4;20.82;21.51;
30.34;10;-4;20.82;21.51;
30.34;10;-4;20.71;21.51;
30.38;10;-4;20.82;21.51;
30.38;10;-4;20.82;21.51;
30.34;10;-4;20.82;21.51;
30.34;10;-4;20.82;21.51;
30.34;10;-4;20.82;21.51;
30.38;10;-4;20.71;21.51;
30.34;10;-4;20.71;21.51;
30.34;10;-4;20.82;21.51;
30.34;10;-4;20.71;21.51;
30.34;10;-4;20.71;21.51;
30.34;10;-4;20.94;21.51;
30.38;10;-4;20.82;21.51;
30.34;10;-4;20.71;21.51;
30.34;10;-4;20.82;21.51;
30.38;10;-4;20.82;21.51;
30.34;10;-4;20.94;21.51;
30.38;10;-4;20.82;21.51;
30.38;10;-4;20.82;21.51;
30.34;10;-4;20.71;21.40;
30.34;10;-4;20.82;21.51;
30.34;10;-4;20.82;21.51;
30.34;10;-4;20.82;21.51;
30.34;10;-4;20.82;21.51;
30.34;10;-4;20.71;21.51;
30.34;10;-4;20.82;21.51;
30.34;10;-4;20.82;21.51;
30.87;10;-3;20.82;21.51;
30.34;10;-4;20.82;21.51;
30.26;10;-4;20.71;21.51;
30.26;10;-4;20.82;21.51;
30.26;10;-4;20.82;21.51;
30.34;10;-4;20.82;21.51;
30.38;10;-4;20.82;21.51;
30.34;10;-4;20.71;21.51;
30.34;10;-4;20.82;21.51;
30.34;10;-4;20.82;21.51;
30.34;10;-4;20.71;21.51;
30.34;10;-4;20.82;21.51;
30.34;10;-4;20.82;21.51;
30.34;10;-4;20.82;21.51;
30.34;10;-4;20.82;21.51;
30.34;10;-4;20.82;21.63;
30.34;10;-4;20.82;21.51;
30.34;10;-4;20.82;21.63;
30.34;10;-4;20.82;21.63;
30.34;10;-4;20.71;21.63;
30.34;10;-4;20.82;21.51;
30.34;10;-4;20.82;21.51;
30.38;10;-4;20.71;21.63;
30.38;10;-4;20.82;21.63;
30.47;10;-4;20.82;21.63;
30.38;10;-4;20.82;21.51;
30.38;10;-4;20.82;21.51;
30.47;10;-4;20.71;21.63;
30.38;10;-4;20.82;21.51;
30.47;10;-4;20.94;21.51;
30.38;10;-4;20.82;21.51;
30.34;10;-4;20.82;21.51;
30.34;10;-4;20.82;21.51;
30.47;10;-4;20.82;21.51;
30.38;10;-3;20.82;21.51;
30.38;10;-4;20.82;21.63;
30.38;10;-4;20.94;21.51;
30.38;10;-4;20.71;21.51;
30.47;10;-4;20.82;21.63;
30.34;10;-4;20.82;21.51;
30.38;10;-4;20.82;21.63;
30.34;10;-4;20.94;21.51;
30.34;10;-4;20.82;21.51;
30.34;10;-4;20.82;21.63;
30.34;10;-4;20.82;21.51;
30.34;10;-4;20.82;21.63;
30.38;10;-4;20.82;21.51;
30.38;10;-3;20.82;21.51;
30.38;10;-4;20.94;21.63;
30.38;10;-4;20.94;21.51;
30.47;10;-3;20.94;21.63;
30.47;10;-3;20.82;21.63;
30.38;10;-3;20.82;21.63;
30.47;10;-3;20.94;21.63;
30.47;10;-3;20.82;21.63;
30.38;10;-4;20.94;21.51;
30.51;10;-3;20.71;21.51;
30.51;10;-3;20.94;21.51;
30.47;10;-4;20.82;21.51;
30.47;10;-4;20.82;21.51;
30.47;10;-3;20.82;21.51;
30.38;10;-3;20.82;21.63;
30.34;10;-3;20.94;21.63;
30.38;10;-3;20.82;21.63;
30.38;10;-3;20.82;21.51;
30.38;10;-4;20.94;21.63;
30.47;10;-3;20.94;21.63;
30.47;10;-3;20.82;21.51;
30.51;10;-3;20.94;21.51;
30.47;10;-3;20.94;21.51;
30.51;10;-3;20.82;21.51;
30.51;10;-3;20.94;21.51;
30.47;10;-3;20.94;21.51;
30.47;10;-3;20.94;21.63;
30.47;10;-3;20.82;21.63;
30.47;10;-3;20.82;21.63;
30.47;10;-3;20.82;21.63;
30.38;10;-3;20.82;21.63;
30.47;10;-3;20.82;21.63;
30.51;10;-3;20.94;21.63;
30.47;10;-3;20.82;21.63;
30.51;10;-3;20.94;21.63;
30.55;10;-3;20.94;21.63;
30.51;10;-3;21.05;21.63;
30.55;10;-3;20.94;21.63;
30.67;10;-3;20.82;21.63;
30.75;10;-3;20.94;21.74;
30.79;10;-3;20.94;21.74;
30.79;10;-3;20.94;21.63;
30.79;10;-3;21.05;21.74;
30.26;10;-3;20.94;21.74;
30.26;10;-3;20.94;21.74;
30.26;10;-3;20.94;21.74;
30.83;10;-3;21.05;21.74;
30.83;10;-3;21.05;21.85;
30.83;10;-3;21.05;21.85;
30.26;10;-3;21.05;21.85;
30.83;10;-3;21.05;21.85;
30.26;10;-3;20.94;21.85;
30.30;10;-3;21.05;21.85;
30.30;10;-3;21.05;21.97;
30.30;10;-3;21.17;21.97;
30.26;10;-3;21.05;21.85;
30.43;10;-3;21.05;21.85;
30.43;10;-3;21.17;21.97;
30.43;10;-3;21.17;21.97;
30.38;10;-3;21.05;21.97;
30.30;10;-3;21.17;21.97;
30.26;10;-3;21.17;21.97;
30.83;10;-3;21.17;21.97;
30.79;10;-3;21.17;21.97;
30.75;10;-3;21.17;21.97;
30.79;10;-3;21.17;22.08;
30.75;10;-3;21.05;22.08;
30.79;11;-3;21.17;22.08;
30.83;10;-3;21.17;22.08;
30.83;11;-2;21.17;22.08;
30.26;10;-3;21.17;21.97;
30.30;10;-3;21.28;21.97;
30.38;10;-3;21.17;21.97;
30.38;10;-3;21.17;22.08;
30.38;10;-3;21.05;22.08;
30.30;10;-3;21.28;21.97;
30.47;10;-3;21.17;21.97;
30.47;10;-3;21.28;22.08;
30.43;10;-3;21.28;22.08;
30.38;10;-3;21.17;22.08;
30.43;10;-3;21.28;21.97;
30.43;10;-3;21.17;21.97;
30.43;10;-3;21.17;22.08;
30.47;10;-3;21.17;21.97;
30.43;10;-3;21.17;22.08;
30.43;10;-3;21.28;21.97;
30.43;10;-3;21.28;21.97;
30.55;10;-3;21.28;21.97;
30.47;10;-3;21.28;22.08;
30.47;10;-3;21.17;22.08;
30.43;10;-3;21.17;22.08;
30.47;10;-3;21.28;22.08;
30.43;10;-3;21.28;22.08;
30.38;11;-3;21.28;22.08;
30.38;10;-3;21.17;22.08;
30.38;10;-3;21.28;22.20;
30.38;10;-3;21.28;22.08;
30.43;10;-3;21.17;22.08;
30.38;10;-3;21.40;22.08;
30.43;11;-3;21.40;22.08;
30.38;11;-3;21.40;22.20;
30.47;11;-3;21.40;22.20;
30.43;10;-3;21.40;22.08;
30.43;11;-3;21.28;22.08;
30.47;11;-3;21.28;22.20;
30.55;10;-3;21.40;22.08;
30.47;10;-3;21.40;22.08;
30.59;11;-3;21.40;22.08;
30.59;11;-3;21.40;22.08;
30.71;10;-3;21.28;22.20;
30.75;11;-3;21.40;22.20;
30.83;10;-3;21.40;22.20;
30.83;10;-3;21.40;22.20;
30.91;10;-3;21.40;22.08;
30.99;10;-3;21.40;22.20;
31.11;10;-2;21.51;22.20;
31.15;10;-3;21.40;22.20;
31.11;10;-2;21.28;22.08;
31.15;10;-3;21.51;22.20;
31.15;10;-2;21.28;22.20;
31.15;10;-2;21.28;22.20;
31.11;11;-2;21.40;22.20;
31.11;10;-3;21.40;22.08;
31.11;10;-2;21.28;22.08;
31.15;10;-3;21.51;22.20;
31.15;10;-2;21.40;22.20;
31.19;11;-2;21.40;22.08;
31.19;10;-2;21.40;22.20;
31.15;10;-2;21.40;22.20;
31.11;10;-2;21.51;22.08;
31.15;10;-2;21.40;22.20;
31.03;11;-2;21.40;22.20;
31.15;10;-2;21.40;22.08;
31.11;10;-3;21.40;22.20;
31.15;10;-2;21.40;22.20;
31.19;10;-3;21.28;22.20;
31.19;10;-3;21.40;22.08;
31.19;10;-2;21.28;22.20;
31.19;10;-2;21.40;22.20;
31.27;10;-2;21.28;22.20;
31.19;11;-2;21.40;22.20;
31.27;10;-2;21.40;22.20;
31.19;10;-2;21.28;22.08;
31.27;10;-2;21.28;22.20;
31.27;10;-2;21.40;22.08;
31.31;10;-2;21.40;22.08;
31.31;10;-3;21.40;22.20;
31.39;10;-2;21.40;22.20;
31.43;10;-2;21.40;22.20;
31.43;10;-2;21.40;22.20;
31.47;10;-2;21.40;22.20;
31.47;10;-2;21.40;22.20;
31.47;10;-2;21.28;22.20;
31.47;10;-2;21.40;22.08;
31.39;10;-2;21.40;22.20;
31.31;10;-2;21.40;22.08;
31.43;10;-2;21.40;22.08;
31.43;10;-2;21.40;22.08;
31.47;10;-3;21.28;22.20;
31.39;10;-2;21.40;22.08;
31.39;10;-2;21.28;22.20;
31.39;10;-2;21.40;22.20;
31.39;10;-2;21.40;22.20;
31.39;10;-3;21.51;22.20;
31.39;10;-2;21.28;22.20;
31.43;10;-2;21.40;22.20;
31.43;10;-3;21.40;22.20;
31.39;10;-2;21.40;22.20;
31.39;10;-2;21.40;22.20;
31.39;10;-2;21.51;22.20;
31.47;10;-3;21.51;22.20;
31.47;10;-2;21.40;22.20;
31.43;10;-3;21.51;22.08;
31.43;10;-2;21.40;22.08;
31.43;10;-2;21.40;22.20;
31.39;10;-2;21.40;22.20;
31.31;10;-2;21.28;22.20;
31.27;10;-2;21.28;22.20;
31.27;10;-2;21.40;22.20;
31.31;10;-3;21.40;22.20;
